MEME version 4

ALPHABET= ACGT

Background letter frequencies (from uniform background):
A 0.25000 C 0.25000 G 0.25000 T 0.25000 


MOTIF MexR
letter-probability matrix: alength= 4 w=  15 nsites= 2
 0.000000 0.000000 1.000000 0.000000
 0.000000 0.000000 0.000000 1.000000
 0.000000 0.000000 0.000000 1.000000
 0.000000 0.000000 1.000000 0.000000
 1.000000 0.000000 0.000000 0.000000
 0.000000 0.500000 0.000000 0.500000
 0.000000 1.000000 0.000000 0.000000
 0.000000 0.500000 0.000000 0.500000
 0.500000 0.000000 0.000000 0.500000
 0.500000 0.000000 0.500000 0.000000
 0.000000 0.000000 0.000000 1.000000
 0.000000 1.000000 0.000000 0.000000
 1.000000 0.000000 0.000000 0.000000
 1.000000 0.000000 0.000000 0.000000
 0.000000 1.000000 0.000000 0.000000
URL https://www.prodoric.de/matrix/MX000001.html

MOTIF Anr
letter-probability matrix: alength= 4 w=  14 nsites= 9
 0.000000 0.111111 0.000000 0.888889
 0.000000 0.000000 0.000000 1.000000
 0.000000 0.000000 1.000000 0.000000
 0.666667 0.111111 0.000000 0.222222
 0.000000 0.666667 0.000000 0.333333
 0.222222 0.333333 0.222222 0.222222
 0.000000 0.222222 0.333333 0.444444
 0.111111 0.222222 0.666667 0.000000
 0.333333 0.444444 0.222222 0.000000
 0.777778 0.000000 0.222222 0.000000
 0.111111 0.000000 0.000000 0.888889
 0.000000 1.000000 0.000000 0.000000
 1.000000 0.000000 0.000000 0.000000
 0.777778 0.000000 0.222222 0.000000
URL https://www.prodoric.de/matrix/MX000002.html

MOTIF NarL
letter-probability matrix: alength= 4 w=  7 nsites= 69
 0.028986 0.028986 0.000000 0.942029
 0.927536 0.028986 0.043478 0.000000
 0.173913 0.652174 0.014493 0.159420
 0.072464 0.434783 0.072464 0.420290
 0.115942 0.463768 0.159420 0.260870
 0.492754 0.333333 0.000000 0.173913
 0.173913 0.144928 0.057971 0.623188
URL https://www.prodoric.de/matrix/MX000003.html

MOTIF Fnr
letter-probability matrix: alength= 4 w=  14 nsites= 22
 0.090909 0.000000 0.000000 0.909091
 0.000000 0.000000 0.045455 0.954545
 0.000000 0.000000 1.000000 0.000000
 0.818182 0.090909 0.045455 0.045455
 0.090909 0.000000 0.090909 0.818182
 0.272727 0.181818 0.136364 0.409091
 0.181818 0.136364 0.045455 0.636364
 0.454545 0.181818 0.090909 0.272727
 0.181818 0.272727 0.227273 0.318182
 0.863636 0.136364 0.000000 0.000000
 0.181818 0.045455 0.045455 0.727273
 0.000000 0.909091 0.000000 0.090909
 0.863636 0.000000 0.045455 0.090909
 0.681818 0.136364 0.045455 0.136364
URL https://www.prodoric.de/matrix/MX000004.html

MOTIF Fnr
letter-probability matrix: alength= 4 w=  16 nsites= 9
 0.111111 0.000000 0.000000 0.888889
 0.000000 0.000000 1.000000 0.000000
 0.000000 0.000000 0.000000 1.000000
 0.000000 0.000000 1.000000 0.000000
 1.000000 0.000000 0.000000 0.000000
 0.777778 0.111111 0.000000 0.111111
 0.666667 0.000000 0.333333 0.000000
 0.000000 0.111111 0.000000 0.888889
 0.666667 0.000000 0.222222 0.111111
 0.111111 0.444444 0.111111 0.333333
 0.222222 0.000000 0.000000 0.777778
 0.000000 0.000000 0.222222 0.777778
 0.000000 1.000000 0.000000 0.000000
 1.000000 0.000000 0.000000 0.000000
 0.000000 1.000000 0.000000 0.000000
 0.888889 0.000000 0.000000 0.111111
URL https://www.prodoric.de/matrix/MX000005.html

MOTIF SpoIIID
letter-probability matrix: alength= 4 w=  10 nsites= 16
 0.500000 0.125000 0.062500 0.312500
 0.562500 0.062500 0.250000 0.125000
 0.375000 0.062500 0.437500 0.125000
 0.312500 0.250000 0.375000 0.062500
 0.687500 0.125000 0.000000 0.187500
 0.125000 0.750000 0.125000 0.000000
 0.750000 0.000000 0.125000 0.125000
 0.437500 0.125000 0.375000 0.062500
 0.125000 0.375000 0.312500 0.187500
 0.125000 0.562500 0.062500 0.250000
URL https://www.prodoric.de/matrix/MX000006.html

MOTIF ArgR
letter-probability matrix: alength= 4 w=  16 nsites= 19
 0.052632 0.000000 0.052632 0.894737
 0.000000 0.052632 0.842105 0.105263
 0.052632 0.052632 0.157895 0.736842
 0.000000 0.789474 0.052632 0.157895
 0.052632 0.052632 0.842105 0.052632
 0.000000 0.736842 0.105263 0.157895
 0.263158 0.052632 0.473684 0.210526
 0.368421 0.105263 0.157895 0.368421
 0.263158 0.421053 0.105263 0.210526
 0.210526 0.157895 0.315789 0.315789
 0.157895 0.315789 0.315789 0.210526
 0.157895 0.421053 0.157895 0.263158
 0.105263 0.052632 0.789474 0.052632
 0.315789 0.368421 0.052632 0.263158
 0.631579 0.210526 0.157895 0.000000
 0.631579 0.000000 0.263158 0.105263
URL https://www.prodoric.de/matrix/MX000007.html

MOTIF GlpR
letter-probability matrix: alength= 4 w=  17 nsites= 14
 0.000000 0.000000 0.857143 0.142857
 0.000000 0.357143 0.071429 0.571429
 0.000000 0.000000 0.500000 0.500000
 0.000000 0.928571 0.000000 0.071429
 0.142857 0.000000 0.857143 0.000000
 0.357143 0.000000 0.142857 0.500000
 0.428571 0.071429 0.071429 0.428571
 0.642857 0.071429 0.000000 0.285714
 0.214286 0.071429 0.000000 0.714286
 0.071429 0.285714 0.214286 0.428571
 0.142857 0.142857 0.500000 0.214286
 0.428571 0.428571 0.142857 0.000000
 0.357143 0.071429 0.214286 0.357143
 0.071429 0.857143 0.000000 0.071429
 0.928571 0.000000 0.071429 0.000000
 0.214286 0.071429 0.071429 0.642857
 0.357143 0.000000 0.142857 0.500000
URL https://www.prodoric.de/matrix/MX000008.html

MOTIF ResD
letter-probability matrix: alength= 4 w=  21 nsites= 7
 0.142857 0.000000 0.000000 0.857143
 0.000000 0.000000 0.714286 0.285714
 0.714286 0.142857 0.000000 0.142857
 0.428571 0.000000 0.285714 0.285714
 0.428571 0.142857 0.000000 0.428571
 0.428571 0.142857 0.142857 0.285714
 0.285714 0.000000 0.000000 0.714286
 0.428571 0.000000 0.000000 0.571429
 0.285714 0.142857 0.142857 0.428571
 0.000000 0.000000 0.142857 0.857143
 0.428571 0.000000 0.142857 0.428571
 0.000000 0.000000 0.000000 1.000000
 0.142857 0.000000 0.714286 0.142857
 0.571429 0.000000 0.000000 0.428571
 0.571429 0.000000 0.000000 0.428571
 0.285714 0.285714 0.000000 0.428571
 0.571429 0.285714 0.000000 0.142857
 0.714286 0.000000 0.000000 0.285714
 0.285714 0.142857 0.142857 0.428571
 0.428571 0.142857 0.285714 0.142857
 0.142857 0.285714 0.142857 0.428571
URL https://www.prodoric.de/matrix/MX000009.html

MOTIF IHF
letter-probability matrix: alength= 4 w=  8 nsites= 4
 0.250000 0.750000 0.000000 0.000000
 0.750000 0.250000 0.000000 0.000000
 0.750000 0.000000 0.250000 0.000000
 0.000000 0.250000 0.250000 0.500000
 0.250000 0.000000 0.500000 0.250000
 0.000000 0.250000 0.500000 0.250000
 0.500000 0.000000 0.000000 0.500000
 0.000000 0.000000 0.250000 0.750000
URL https://www.prodoric.de/matrix/MX000010.html

MOTIF RhlR
letter-probability matrix: alength= 4 w=  16 nsites= 7
 0.000000 1.000000 0.000000 0.000000
 0.000000 0.000000 0.000000 1.000000
 0.142857 0.142857 0.714286 0.000000
 0.000000 0.714286 0.000000 0.285714
 0.285714 0.428571 0.285714 0.000000
 0.571429 0.000000 0.142857 0.285714
 0.142857 0.142857 0.571429 0.142857
 0.571429 0.000000 0.142857 0.285714
 0.285714 0.142857 0.000000 0.571429
 0.000000 0.857143 0.000000 0.142857
 0.000000 0.142857 0.142857 0.714286
 0.000000 0.142857 0.714286 0.142857
 0.000000 0.142857 0.714286 0.142857
 0.285714 0.428571 0.000000 0.285714
 0.714286 0.000000 0.285714 0.000000
 0.000000 0.285714 0.714286 0.000000
URL https://www.prodoric.de/matrix/MX000011.html

MOTIF LasR
letter-probability matrix: alength= 4 w=  20 nsites= 11
 1.000000 0.000000 0.000000 0.000000
 0.181818 0.727273 0.000000 0.090909
 0.090909 0.909091 0.000000 0.000000
 0.181818 0.000000 0.090909 0.727273
 0.454545 0.181818 0.272727 0.090909
 0.090909 0.454545 0.272727 0.181818
 0.090909 0.727273 0.000000 0.181818
 0.363636 0.090909 0.090909 0.454545
 0.272727 0.090909 0.454545 0.181818
 0.636364 0.000000 0.000000 0.363636
 0.181818 0.272727 0.000000 0.545455
 0.181818 0.454545 0.090909 0.272727
 0.090909 0.181818 0.272727 0.454545
 0.181818 0.090909 0.545455 0.181818
 0.090909 0.363636 0.272727 0.272727
 0.181818 0.272727 0.090909 0.454545
 0.545455 0.090909 0.272727 0.090909
 0.181818 0.090909 0.545455 0.181818
 0.090909 0.000000 0.545455 0.363636
 0.090909 0.090909 0.363636 0.454545
URL https://www.prodoric.de/matrix/MX000012.html

MOTIF Fur
letter-probability matrix: alength= 4 w=  19 nsites= 7
 0.142857 0.142857 0.714286 0.000000
 0.714286 0.000000 0.142857 0.142857
 0.571429 0.000000 0.142857 0.285714
 1.000000 0.000000 0.000000 0.000000
 0.714286 0.000000 0.000000 0.285714
 0.000000 0.285714 0.000000 0.714286
 0.142857 0.142857 0.428571 0.285714
 0.857143 0.142857 0.000000 0.000000
 0.285714 0.142857 0.142857 0.428571
 0.428571 0.000000 0.000000 0.571429
 0.571429 0.142857 0.000000 0.285714
 0.000000 0.000000 0.142857 0.857143
 0.000000 0.857143 0.000000 0.142857
 0.857143 0.000000 0.000000 0.142857
 0.142857 0.000000 0.142857 0.714286
 0.142857 0.000000 0.000000 0.857143
 0.714286 0.142857 0.142857 0.000000
 0.000000 0.000000 0.285714 0.714286
 0.000000 1.000000 0.000000 0.000000
URL https://www.prodoric.de/matrix/MX000013.html

MOTIF HP166
letter-probability matrix: alength= 4 w=  12 nsites= 3
 1.000000 0.000000 0.000000 0.000000
 1.000000 0.000000 0.000000 0.000000
 1.000000 0.000000 0.000000 0.000000
 0.000000 1.000000 0.000000 0.000000
 0.000000 0.333333 0.666667 0.000000
 0.666667 0.333333 0.000000 0.000000
 0.666667 0.000000 0.000000 0.333333
 0.000000 0.000000 0.000000 1.000000
 0.333333 0.666667 0.000000 0.000000
 0.666667 0.000000 0.333333 0.000000
 0.000000 0.000000 0.000000 1.000000
 0.000000 0.000000 0.000000 1.000000
URL https://www.prodoric.de/matrix/MX000014.html

MOTIF Fur
letter-probability matrix: alength= 4 w=  17 nsites= 8
 0.750000 0.125000 0.000000 0.125000
 0.125000 0.125000 0.000000 0.750000
 0.250000 0.000000 0.125000 0.625000
 0.500000 0.125000 0.125000 0.250000
 0.250000 0.000000 0.125000 0.625000
 0.375000 0.250000 0.125000 0.250000
 0.250000 0.000000 0.125000 0.625000
 0.250000 0.000000 0.000000 0.750000
 0.500000 0.000000 0.125000 0.375000
 0.625000 0.125000 0.000000 0.250000
 0.375000 0.000000 0.000000 0.625000
 0.375000 0.125000 0.125000 0.375000
 0.875000 0.000000 0.000000 0.125000
 0.375000 0.000000 0.000000 0.625000
 0.750000 0.000000 0.000000 0.250000
 0.750000 0.000000 0.000000 0.250000
 0.125000 0.125000 0.000000 0.750000
URL https://www.prodoric.de/matrix/MX000016.html

MOTIF CtsR
letter-probability matrix: alength= 4 w=  17 nsites= 7
 0.571429 0.000000 0.285714 0.142857
 0.142857 0.000000 0.714286 0.142857
 0.000000 0.000000 0.000000 1.000000
 0.000000 0.857143 0.142857 0.000000
 1.000000 0.000000 0.000000 0.000000
 0.857143 0.142857 0.000000 0.000000
 0.857143 0.142857 0.000000 0.000000
 0.000000 0.000000 0.714286 0.285714
 0.714286 0.000000 0.000000 0.285714
 0.142857 0.000000 0.000000 0.857143
 0.571429 0.000000 0.428571 0.000000
 0.142857 0.000000 0.714286 0.142857
 0.000000 0.000000 0.000000 1.000000
 0.000000 0.857143 0.142857 0.000000
 1.000000 0.000000 0.000000 0.000000
 0.714286 0.142857 0.142857 0.000000
 0.857143 0.142857 0.000000 0.000000
URL https://www.prodoric.de/matrix/MX000017.html

MOTIF CtsR
letter-probability matrix: alength= 4 w=  17 nsites= 4
 0.500000 0.000000 0.500000 0.000000
 0.000000 0.000000 0.750000 0.250000
 0.000000 0.000000 0.000000 1.000000
 0.000000 0.750000 0.000000 0.250000
 0.750000 0.000000 0.250000 0.000000
 1.000000 0.000000 0.000000 0.000000
 0.750000 0.250000 0.000000 0.000000
 0.500000 0.250000 0.250000 0.000000
 0.500000 0.000000 0.000000 0.500000
 0.500000 0.000000 0.000000 0.500000
 0.500000 0.000000 0.500000 0.000000
 0.000000 0.000000 0.750000 0.250000
 0.000000 0.000000 0.000000 1.000000
 0.000000 0.750000 0.000000 0.250000
 0.750000 0.000000 0.250000 0.000000
 0.750000 0.000000 0.250000 0.000000
 0.500000 0.250000 0.000000 0.250000
URL https://www.prodoric.de/matrix/MX000018.html

MOTIF Spo0A
letter-probability matrix: alength= 4 w=  12 nsites= 45
 0.244444 0.066667 0.000000 0.688889
 0.200000 0.022222 0.022222 0.755556
 0.044444 0.000000 0.022222 0.933333
 0.000000 0.022222 0.977778 0.000000
 0.088889 0.111111 0.022222 0.777778
 0.000000 0.977778 0.022222 0.000000
 0.200000 0.022222 0.777778 0.000000
 0.777778 0.088889 0.111111 0.022222
 0.866667 0.000000 0.066667 0.066667
 0.577778 0.044444 0.066667 0.311111
 0.466667 0.044444 0.266667 0.222222
 0.577778 0.088889 0.155556 0.177778
URL https://www.prodoric.de/matrix/MX000019.html

MOTIF AraR
letter-probability matrix: alength= 4 w=  16 nsites= 5
 1.000000 0.000000 0.000000 0.000000
 0.200000 0.000000 0.000000 0.800000
 0.200000 0.000000 0.000000 0.800000
 0.400000 0.000000 0.000000 0.600000
 0.000000 0.000000 1.000000 0.000000
 0.000000 0.000000 0.000000 1.000000
 0.600000 0.200000 0.000000 0.200000
 0.000000 1.000000 0.000000 0.000000
 0.000000 0.000000 1.000000 0.000000
 0.000000 0.000000 0.000000 1.000000
 1.000000 0.000000 0.000000 0.000000
 0.000000 0.600000 0.000000 0.400000
 0.600000 0.200000 0.000000 0.200000
 0.600000 0.200000 0.000000 0.200000
 0.600000 0.000000 0.000000 0.400000
 0.200000 0.000000 0.000000 0.800000
URL https://www.prodoric.de/matrix/MX000020.html

MOTIF CcpA
letter-probability matrix: alength= 4 w=  14 nsites= 75
 0.133333 0.000000 0.000000 0.866667
 0.040000 0.026667 0.933333 0.000000
 0.560000 0.013333 0.186667 0.240000
 0.920000 0.013333 0.000000 0.066667
 0.946667 0.013333 0.026667 0.013333
 0.293333 0.133333 0.573333 0.000000
 0.026667 0.960000 0.000000 0.013333
 0.013333 0.026667 0.960000 0.000000
 0.013333 0.386667 0.200000 0.400000
 0.253333 0.026667 0.013333 0.706667
 0.373333 0.000000 0.106667 0.520000
 0.306667 0.173333 0.053333 0.466667
 0.173333 0.773333 0.013333 0.040000
 0.773333 0.040000 0.026667 0.160000
URL https://www.prodoric.de/matrix/MX000022.html

MOTIF ComK
letter-probability matrix: alength= 4 w=  13 nsites= 20
 1.000000 0.000000 0.000000 0.000000
 0.800000 0.000000 0.050000 0.150000
 0.900000 0.000000 0.000000 0.100000
 0.800000 0.050000 0.050000 0.100000
 0.150000 0.300000 0.100000 0.450000
 0.350000 0.250000 0.200000 0.200000
 0.300000 0.200000 0.250000 0.250000
 0.050000 0.300000 0.400000 0.250000
 0.350000 0.100000 0.300000 0.250000
 0.050000 0.000000 0.000000 0.950000
 0.050000 0.000000 0.000000 0.950000
 0.050000 0.050000 0.000000 0.900000
 0.000000 0.150000 0.000000 0.850000
URL https://www.prodoric.de/matrix/MX000023.html

MOTIF CcpC
letter-probability matrix: alength= 4 w=  6 nsites= 17
 1.000000 0.000000 0.000000 0.000000
 0.000000 0.000000 0.000000 1.000000
 1.000000 0.000000 0.000000 0.000000
 1.000000 0.000000 0.000000 0.000000
 0.176471 0.117647 0.588235 0.117647
 0.411765 0.000000 0.117647 0.470588
URL https://www.prodoric.de/matrix/MX000024.html

MOTIF DinR
letter-probability matrix: alength= 4 w=  14 nsites= 8
 0.250000 0.625000 0.125000 0.000000
 0.000000 0.000000 1.000000 0.000000
 1.000000 0.000000 0.000000 0.000000
 1.000000 0.000000 0.000000 0.000000
 0.000000 0.750000 0.000000 0.250000
 0.375000 0.125000 0.250000 0.250000
 0.250000 0.125000 0.000000 0.625000
 0.500000 0.000000 0.250000 0.250000
 0.125000 0.250000 0.000000 0.625000
 0.000000 0.000000 1.000000 0.000000
 0.000000 0.000000 0.000000 1.000000
 0.000000 0.000000 0.000000 1.000000
 0.000000 0.625000 0.000000 0.375000
 0.000000 0.125000 0.875000 0.000000
URL https://www.prodoric.de/matrix/MX000025.html

MOTIF TnrA
letter-probability matrix: alength= 4 w=  17 nsites= 18
 0.000000 0.055556 0.000000 0.944444
 0.055556 0.000000 0.944444 0.000000
 0.111111 0.000000 0.166667 0.722222
 0.166667 0.222222 0.111111 0.500000
 1.000000 0.000000 0.000000 0.000000
 0.222222 0.222222 0.444444 0.111111
 0.555556 0.055556 0.222222 0.166667
 0.500000 0.055556 0.000000 0.444444
 0.611111 0.000000 0.000000 0.388889
 0.555556 0.000000 0.000000 0.444444
 0.166667 0.055556 0.055556 0.722222
 0.444444 0.444444 0.055556 0.055556
 0.000000 0.000000 0.000000 1.000000
 0.277778 0.055556 0.277778 0.388889
 0.944444 0.055556 0.000000 0.000000
 0.000000 1.000000 0.000000 0.000000
 0.833333 0.055556 0.055556 0.055556
URL https://www.prodoric.de/matrix/MX000026.html

MOTIF GlnR
letter-probability matrix: alength= 4 w=  17 nsites= 3
 0.000000 0.000000 0.000000 1.000000
 0.000000 0.000000 1.000000 0.000000
 0.000000 0.000000 0.000000 1.000000
 0.333333 0.000000 0.333333 0.333333
 1.000000 0.000000 0.000000 0.000000
 1.000000 0.000000 0.000000 0.000000
 0.000000 0.333333 0.333333 0.333333
 0.666667 0.000000 0.000000 0.333333
 0.666667 0.000000 0.000000 0.333333
 0.333333 0.000000 0.000000 0.666667
 0.000000 0.333333 0.000000 0.666667
 0.666667 0.333333 0.000000 0.000000
 0.000000 0.000000 0.000000 1.000000
 0.666667 0.000000 0.000000 0.333333
 1.000000 0.000000 0.000000 0.000000
 0.000000 1.000000 0.000000 0.000000
 1.000000 0.000000 0.000000 0.000000
URL https://www.prodoric.de/matrix/MX000027.html

MOTIF IHF
letter-probability matrix: alength= 4 w=  13 nsites= 63
 0.603175 0.063492 0.015873 0.317460
 0.714286 0.047619 0.047619 0.190476
 0.460317 0.142857 0.063492 0.333333
 0.222222 0.317460 0.126984 0.333333
 0.349206 0.206349 0.063492 0.380952
 0.460317 0.095238 0.158730 0.285714
 0.365079 0.126984 0.142857 0.365079
 0.111111 0.142857 0.063492 0.682540
 0.190476 0.079365 0.412698 0.317460
 0.492063 0.063492 0.349206 0.095238
 0.333333 0.063492 0.015873 0.587302
 0.126984 0.047619 0.000000 0.825397
 0.349206 0.079365 0.031746 0.539683
URL https://www.prodoric.de/matrix/MX000028.html

MOTIF Fis
letter-probability matrix: alength= 4 w=  15 nsites= 93
 0.021505 0.021505 0.924731 0.032258
 0.193548 0.268817 0.215054 0.322581
 0.215054 0.236559 0.161290 0.387097
 0.150538 0.301075 0.236559 0.311828
 0.580645 0.064516 0.236559 0.118280
 0.462366 0.129032 0.075269 0.333333
 0.408602 0.096774 0.139785 0.354839
 0.483871 0.043011 0.075269 0.397849
 0.365591 0.129032 0.107527 0.397849
 0.376344 0.118280 0.107527 0.397849
 0.129032 0.204301 0.096774 0.569892
 0.344086 0.258065 0.301075 0.096774
 0.311828 0.225806 0.311828 0.150538
 0.225806 0.344086 0.268817 0.161290
 0.075269 0.817204 0.043011 0.064516
URL https://www.prodoric.de/matrix/MX000029.html

MOTIF DegU
letter-probability matrix: alength= 4 w=  20 nsites= 21
 0.952381 0.000000 0.000000 0.047619
 0.142857 0.095238 0.761905 0.000000
 0.809524 0.000000 0.047619 0.142857
 0.571429 0.095238 0.190476 0.142857
 0.428571 0.190476 0.047619 0.333333
 0.285714 0.238095 0.095238 0.380952
 0.380952 0.190476 0.142857 0.285714
 0.285714 0.238095 0.047619 0.428571
 0.571429 0.047619 0.000000 0.380952
 0.428571 0.238095 0.095238 0.238095
 0.285714 0.095238 0.285714 0.333333
 0.190476 0.380952 0.238095 0.190476
 0.285714 0.333333 0.095238 0.285714
 0.380952 0.238095 0.047619 0.333333
 0.333333 0.095238 0.000000 0.571429
 0.190476 0.000000 0.047619 0.761905
 0.047619 0.095238 0.095238 0.761905
 0.238095 0.476190 0.095238 0.190476
 0.476190 0.000000 0.285714 0.238095
 0.190476 0.142857 0.476190 0.190476
URL https://www.prodoric.de/matrix/MX000030.html

MOTIF PhoP
letter-probability matrix: alength= 4 w=  17 nsites= 16
 0.000000 0.000000 0.312500 0.687500
 0.250000 0.125000 0.500000 0.125000
 0.062500 0.000000 0.062500 0.875000
 0.062500 0.000000 0.000000 0.937500
 0.125000 0.062500 0.125000 0.687500
 0.937500 0.000000 0.062500 0.000000
 0.250000 0.125000 0.312500 0.312500
 0.187500 0.187500 0.437500 0.187500
 0.125000 0.125000 0.375000 0.375000
 0.187500 0.187500 0.125000 0.500000
 0.187500 0.375000 0.062500 0.375000
 0.000000 0.000000 0.437500 0.562500
 0.312500 0.000000 0.562500 0.125000
 0.062500 0.000000 0.000000 0.937500
 0.062500 0.000000 0.062500 0.875000
 0.125000 0.062500 0.250000 0.562500
 1.000000 0.000000 0.000000 0.000000
URL https://www.prodoric.de/matrix/MX000031.html

MOTIF CovR
letter-probability matrix: alength= 4 w=  11 nsites= 20
 0.400000 0.150000 0.150000 0.300000
 0.550000 0.050000 0.050000 0.350000
 0.400000 0.150000 0.100000 0.350000
 0.350000 0.150000 0.150000 0.350000
 0.950000 0.000000 0.050000 0.000000
 0.000000 0.000000 0.050000 0.950000
 0.000000 0.000000 0.000000 1.000000
 0.950000 0.000000 0.000000 0.050000
 0.550000 0.100000 0.300000 0.050000
 0.900000 0.000000 0.050000 0.050000
 0.450000 0.100000 0.250000 0.200000
URL https://www.prodoric.de/matrix/MX000038.html

MOTIF RofA
letter-probability matrix: alength= 4 w=  12 nsites= 3
 0.000000 0.000000 0.000000 1.000000
 0.000000 0.000000 0.000000 1.000000
 0.000000 0.000000 0.000000 1.000000
 0.000000 0.000000 0.000000 1.000000
 0.000000 0.666667 0.333333 0.000000
 0.333333 0.000000 0.333333 0.333333
 0.333333 0.333333 0.000000 0.333333
 0.666667 0.000000 0.333333 0.000000
 1.000000 0.000000 0.000000 0.000000
 1.000000 0.000000 0.000000 0.000000
 0.666667 0.333333 0.000000 0.000000
 1.000000 0.000000 0.000000 0.000000
URL https://www.prodoric.de/matrix/MX000039.html

MOTIF CsrR
letter-probability matrix: alength= 4 w=  13 nsites= 8
 0.875000 0.000000 0.000000 0.125000
 0.125000 0.000000 0.000000 0.875000
 0.000000 0.000000 0.000000 1.000000
 0.375000 0.000000 0.000000 0.625000
 0.000000 0.000000 0.375000 0.625000
 0.250000 0.000000 0.000000 0.750000
 0.875000 0.000000 0.125000 0.000000
 0.500000 0.250000 0.125000 0.125000
 0.625000 0.125000 0.000000 0.250000
 0.625000 0.000000 0.125000 0.250000
 0.625000 0.125000 0.000000 0.250000
 0.500000 0.250000 0.125000 0.125000
 0.750000 0.000000 0.000000 0.250000
URL https://www.prodoric.de/matrix/MX000041.html

MOTIF RegR
letter-probability matrix: alength= 4 w=  16 nsites= 7
 0.000000 0.285714 0.000000 0.714286
 0.000000 0.000000 1.000000 0.000000
 0.000000 0.571429 0.000000 0.428571
 0.000000 0.000000 1.000000 0.000000
 0.571429 0.000000 0.142857 0.285714
 0.000000 1.000000 0.000000 0.000000
 0.714286 0.000000 0.142857 0.142857
 0.285714 0.285714 0.142857 0.285714
 0.714286 0.000000 0.000000 0.285714
 0.285714 0.142857 0.285714 0.285714
 0.000000 0.000000 0.285714 0.714286
 0.000000 0.000000 1.000000 0.000000
 0.428571 0.428571 0.000000 0.142857
 0.000000 0.857143 0.000000 0.142857
 0.285714 0.285714 0.428571 0.000000
 0.142857 0.714286 0.142857 0.000000
URL https://www.prodoric.de/matrix/MX000042.html

MOTIF AhrC
letter-probability matrix: alength= 4 w=  18 nsites= 3
 0.333333 0.666667 0.000000 0.000000
 0.333333 0.000000 0.000000 0.666667
 0.000000 0.000000 0.000000 1.000000
 0.000000 0.000000 0.666667 0.333333
 0.333333 0.666667 0.000000 0.000000
 1.000000 0.000000 0.000000 0.000000
 0.000000 0.000000 0.000000 1.000000
 0.000000 0.000000 0.000000 1.000000
 0.000000 0.000000 0.000000 1.000000
 0.333333 0.000000 0.000000 0.666667
 0.000000 0.000000 0.000000 1.000000
 1.000000 0.000000 0.000000 0.000000
 0.000000 0.000000 0.000000 1.000000
 0.333333 0.000000 0.000000 0.666667
 0.333333 0.666667 0.000000 0.000000
 1.000000 0.000000 0.000000 0.000000
 0.000000 0.000000 0.333333 0.666667
 0.333333 0.000000 0.666667 0.000000
URL https://www.prodoric.de/matrix/MX000043.html

MOTIF CitT
letter-probability matrix: alength= 4 w=  6 nsites= 8
 0.625000 0.000000 0.000000 0.375000
 0.500000 0.125000 0.000000 0.375000
 0.000000 0.750000 0.000000 0.250000
 0.875000 0.000000 0.125000 0.000000
 0.750000 0.000000 0.250000 0.000000
 0.875000 0.125000 0.000000 0.000000
URL https://www.prodoric.de/matrix/MX000044.html

MOTIF CodY
letter-probability matrix: alength= 4 w=  15 nsites= 10
 0.900000 0.100000 0.000000 0.000000
 0.800000 0.000000 0.200000 0.000000
 0.100000 0.000000 0.000000 0.900000
 0.300000 0.000000 0.000000 0.700000
 0.200000 0.100000 0.100000 0.600000
 0.100000 0.000000 0.100000 0.800000
 0.200000 0.500000 0.300000 0.000000
 0.400000 0.400000 0.000000 0.200000
 0.500000 0.000000 0.200000 0.300000
 0.800000 0.100000 0.000000 0.100000
 0.600000 0.000000 0.000000 0.400000
 0.600000 0.100000 0.000000 0.300000
 0.500000 0.000000 0.100000 0.400000
 0.200000 0.100000 0.000000 0.700000
 0.300000 0.200000 0.000000 0.500000
URL https://www.prodoric.de/matrix/MX000045.html

MOTIF ComA
letter-probability matrix: alength= 4 w=  16 nsites= 5
 0.000000 0.000000 0.000000 1.000000
 0.000000 0.000000 0.000000 1.000000
 0.000000 0.000000 0.800000 0.200000
 0.000000 1.000000 0.000000 0.000000
 0.000000 0.000000 1.000000 0.000000
 0.000000 0.000000 0.800000 0.200000
 0.000000 0.400000 0.200000 0.400000
 0.400000 0.200000 0.200000 0.200000
 0.200000 0.000000 0.000000 0.800000
 0.000000 0.800000 0.200000 0.000000
 0.200000 0.800000 0.000000 0.000000
 0.000000 1.000000 0.000000 0.000000
 0.000000 0.000000 1.000000 0.000000
 0.400000 0.600000 0.000000 0.000000
 1.000000 0.000000 0.000000 0.000000
 0.200000 0.200000 0.200000 0.400000
URL https://www.prodoric.de/matrix/MX000046.html

MOTIF GerE
letter-probability matrix: alength= 4 w=  12 nsites= 17
 0.764706 0.000000 0.235294 0.000000
 0.470588 0.000000 0.000000 0.529412
 0.941176 0.000000 0.058824 0.000000
 0.000000 0.000000 0.000000 1.000000
 0.647059 0.117647 0.235294 0.000000
 0.235294 0.000000 0.647059 0.117647
 0.235294 0.000000 0.764706 0.000000
 0.000000 0.529412 0.000000 0.470588
 0.176471 0.352941 0.235294 0.235294
 0.529412 0.000000 0.117647 0.352941
 0.294118 0.117647 0.117647 0.470588
 0.294118 0.000000 0.235294 0.470588
URL https://www.prodoric.de/matrix/MX000047.html

MOTIF GltC
letter-probability matrix: alength= 4 w=  15 nsites= 3
 1.000000 0.000000 0.000000 0.000000
 0.000000 0.000000 0.000000 1.000000
 0.333333 0.666667 0.000000 0.000000
 0.000000 0.000000 0.000000 1.000000
 0.333333 0.666667 0.000000 0.000000
 0.666667 0.000000 0.333333 0.000000
 0.333333 0.000000 0.000000 0.666667
 0.000000 0.000000 0.000000 1.000000
 0.000000 0.000000 0.000000 1.000000
 0.333333 0.000000 0.000000 0.666667
 0.000000 0.000000 0.666667 0.333333
 1.000000 0.000000 0.000000 0.000000
 0.333333 0.000000 0.333333 0.333333
 1.000000 0.000000 0.000000 0.000000
 0.333333 0.000000 0.000000 0.666667
URL https://www.prodoric.de/matrix/MX000048.html

MOTIF GltR
letter-probability matrix: alength= 4 w=  15 nsites= 2
 1.000000 0.000000 0.000000 0.000000
 0.000000 0.000000 0.000000 1.000000
 0.000000 0.500000 0.000000 0.500000
 0.000000 0.500000 0.000000 0.500000
 0.500000 0.500000 0.000000 0.000000
 1.000000 0.000000 0.000000 0.000000
 1.000000 0.000000 0.000000 0.000000
 1.000000 0.000000 0.000000 0.000000
 0.500000 0.000000 0.000000 0.500000
 0.000000 0.000000 0.000000 1.000000
 0.500000 0.500000 0.000000 0.000000
 1.000000 0.000000 0.000000 0.000000
 0.000000 0.000000 1.000000 0.000000
 1.000000 0.000000 0.000000 0.000000
 0.000000 0.000000 0.000000 1.000000
URL https://www.prodoric.de/matrix/MX000049.html

MOTIF Hpr
letter-probability matrix: alength= 4 w=  9 nsites= 8
 0.750000 0.000000 0.250000 0.000000
 1.000000 0.000000 0.000000 0.000000
 0.000000 0.000000 0.000000 1.000000
 1.000000 0.000000 0.000000 0.000000
 0.375000 0.125000 0.125000 0.375000
 0.375000 0.000000 0.000000 0.625000
 0.625000 0.000000 0.250000 0.125000
 0.125000 0.125000 0.125000 0.625000
 0.125000 0.125000 0.000000 0.750000
URL https://www.prodoric.de/matrix/MX000050.html

MOTIF IolR
letter-probability matrix: alength= 4 w=  11 nsites= 6
 0.500000 0.000000 0.000000 0.500000
 0.666667 0.000000 0.166667 0.166667
 1.000000 0.000000 0.000000 0.000000
 0.333333 0.500000 0.000000 0.166667
 0.000000 0.833333 0.000000 0.166667
 0.833333 0.000000 0.166667 0.000000
 0.666667 0.000000 0.000000 0.333333
 0.333333 0.333333 0.166667 0.166667
 1.000000 0.000000 0.000000 0.000000
 0.333333 0.333333 0.333333 0.000000
 0.166667 0.000000 0.166667 0.666667
URL https://www.prodoric.de/matrix/MX000051.html

MOTIF LevR
letter-probability matrix: alength= 4 w=  8 nsites= 3
 0.000000 0.000000 0.000000 1.000000
 0.000000 0.000000 1.000000 0.000000
 0.000000 0.000000 0.000000 1.000000
 0.666667 0.000000 0.000000 0.333333
 0.000000 0.000000 0.000000 1.000000
 0.000000 0.333333 0.000000 0.666667
 1.000000 0.000000 0.000000 0.000000
 1.000000 0.000000 0.000000 0.000000
URL https://www.prodoric.de/matrix/MX000052.html

MOTIF LicT
letter-probability matrix: alength= 4 w=  29 nsites= 2
 0.000000 0.000000 1.000000 0.000000
 0.000000 0.000000 1.000000 0.000000
 1.000000 0.000000 0.000000 0.000000
 0.000000 0.000000 0.000000 1.000000
 0.000000 0.000000 0.000000 1.000000
 0.000000 0.000000 1.000000 0.000000
 0.000000 0.000000 0.000000 1.000000
 0.000000 0.000000 0.000000 1.000000
 1.000000 0.000000 0.000000 0.000000
 0.000000 1.000000 0.000000 0.000000
 0.000000 0.000000 0.000000 1.000000
 0.000000 0.000000 1.000000 0.000000
 0.500000 0.500000 0.000000 0.000000
 0.000000 0.000000 0.500000 0.500000
 1.000000 0.000000 0.000000 0.000000
 1.000000 0.000000 0.000000 0.000000
 1.000000 0.000000 0.000000 0.000000
 0.000000 0.000000 1.000000 0.000000
 0.000000 1.000000 0.000000 0.000000
 1.000000 0.000000 0.000000 0.000000
 0.000000 0.000000 1.000000 0.000000
 0.000000 0.000000 1.000000 0.000000
 0.000000 1.000000 0.000000 0.000000
 1.000000 0.000000 0.000000 0.000000
 1.000000 0.000000 0.000000 0.000000
 1.000000 0.000000 0.000000 0.000000
 1.000000 0.000000 0.000000 0.000000
 0.000000 1.000000 0.000000 0.000000
 0.000000 1.000000 0.000000 0.000000
URL https://www.prodoric.de/matrix/MX000053.html

MOTIF MntR
letter-probability matrix: alength= 4 w=  18 nsites= 8
 0.375000 0.125000 0.000000 0.500000
 0.125000 0.000000 0.250000 0.625000
 0.000000 0.125000 0.000000 0.875000
 0.250000 0.000000 0.000000 0.750000
 0.000000 0.000000 0.875000 0.125000
 0.000000 0.625000 0.125000 0.250000
 0.500000 0.125000 0.125000 0.250000
 0.250000 0.000000 0.250000 0.500000
 0.250000 0.125000 0.250000 0.375000
 0.625000 0.125000 0.250000 0.000000
 0.250000 0.125000 0.625000 0.000000
 0.375000 0.000000 0.500000 0.125000
 0.000000 0.375000 0.500000 0.125000
 0.500000 0.375000 0.125000 0.000000
 0.750000 0.250000 0.000000 0.000000
 1.000000 0.000000 0.000000 0.000000
 0.125000 0.750000 0.000000 0.125000
 0.250000 0.125000 0.000000 0.625000
URL https://www.prodoric.de/matrix/MX000054.html

MOTIF Mta
letter-probability matrix: alength= 4 w=  22 nsites= 4
 0.000000 0.000000 1.000000 0.000000
 1.000000 0.000000 0.000000 0.000000
 0.000000 1.000000 0.000000 0.000000
 0.000000 0.250000 0.000000 0.750000
 0.250000 0.750000 0.000000 0.000000
 0.000000 0.000000 0.000000 1.000000
 0.500000 0.500000 0.000000 0.000000
 0.250000 0.500000 0.000000 0.250000
 0.250000 0.500000 0.250000 0.000000
 0.000000 0.500000 0.500000 0.000000
 0.000000 0.000000 0.000000 1.000000
 0.750000 0.000000 0.000000 0.250000
 0.500000 0.000000 0.500000 0.000000
 0.000000 0.750000 0.250000 0.000000
 0.250000 0.250000 0.250000 0.250000
 0.500000 0.000000 0.250000 0.250000
 0.000000 0.000000 0.750000 0.250000
 1.000000 0.000000 0.000000 0.000000
 0.000000 0.000000 0.500000 0.500000
 0.250000 0.000000 0.500000 0.250000
 0.000000 0.250000 0.500000 0.250000
 0.000000 0.500000 0.000000 0.500000
URL https://www.prodoric.de/matrix/MX000055.html

MOTIF PhoP
letter-probability matrix: alength= 4 w=  6 nsites= 40
 0.000000 0.000000 0.025000 0.975000
 0.125000 0.050000 0.000000 0.825000
 0.475000 0.325000 0.000000 0.200000
 0.825000 0.050000 0.000000 0.125000
 0.250000 0.625000 0.000000 0.125000
 0.800000 0.050000 0.000000 0.150000
URL https://www.prodoric.de/matrix/MX000057.html

MOTIF PucR
letter-probability matrix: alength= 4 w=  11 nsites= 9
 0.444444 0.111111 0.000000 0.444444
 0.222222 0.111111 0.000000 0.666667
 0.333333 0.000000 0.222222 0.444444
 0.111111 0.555556 0.000000 0.333333
 0.111111 0.222222 0.111111 0.555556
 0.222222 0.000000 0.222222 0.555556
 0.000000 0.222222 0.000000 0.777778
 0.000000 0.000000 0.777778 0.222222
 0.000000 0.000000 0.333333 0.666667
 0.000000 0.222222 0.111111 0.666667
 0.000000 0.222222 0.000000 0.777778
URL https://www.prodoric.de/matrix/MX000058.html

MOTIF PurR
letter-probability matrix: alength= 4 w=  14 nsites= 16
 0.687500 0.000000 0.062500 0.250000
 0.750000 0.000000 0.062500 0.187500
 0.562500 0.000000 0.000000 0.437500
 0.375000 0.125000 0.062500 0.437500
 0.437500 0.312500 0.187500 0.062500
 0.000000 0.937500 0.000000 0.062500
 0.000000 0.000000 0.937500 0.062500
 0.937500 0.062500 0.000000 0.000000
 0.937500 0.000000 0.062500 0.000000
 0.000000 0.625000 0.000000 0.375000
 0.562500 0.000000 0.250000 0.187500
 0.375000 0.000000 0.000000 0.625000
 0.125000 0.000000 0.000000 0.875000
 0.562500 0.062500 0.000000 0.375000
URL https://www.prodoric.de/matrix/MX000059.html

MOTIF PrfA
letter-probability matrix: alength= 4 w=  14 nsites= 6
 0.333333 0.000000 0.000000 0.666667
 0.000000 0.000000 0.000000 1.000000
 1.000000 0.000000 0.000000 0.000000
 1.000000 0.000000 0.000000 0.000000
 0.000000 1.000000 0.000000 0.000000
 0.833333 0.000000 0.166667 0.000000
 0.500000 0.166667 0.000000 0.333333
 0.500000 0.000000 0.166667 0.333333
 0.166667 0.000000 0.000000 0.833333
 0.000000 0.000000 1.000000 0.000000
 0.000000 0.000000 0.000000 1.000000
 0.166667 0.000000 0.000000 0.833333
 1.000000 0.000000 0.000000 0.000000
 0.833333 0.000000 0.166667 0.000000
URL https://www.prodoric.de/matrix/MX000060.html

MOTIF RocR
letter-probability matrix: alength= 4 w=  21 nsites= 2
 0.500000 0.000000 0.000000 0.500000
 0.500000 0.500000 0.000000 0.000000
 0.000000 1.000000 0.000000 0.000000
 0.000000 0.000000 1.000000 0.000000
 0.000000 1.000000 0.000000 0.000000
 1.000000 0.000000 0.000000 0.000000
 1.000000 0.000000 0.000000 0.000000
 1.000000 0.000000 0.000000 0.000000
 1.000000 0.000000 0.000000 0.000000
 0.000000 0.000000 0.000000 1.000000
 1.000000 0.000000 0.000000 0.000000
 1.000000 0.000000 0.000000 0.000000
 0.500000 0.000000 0.000000 0.500000
 0.000000 0.000000 0.000000 1.000000
 0.000000 0.000000 0.000000 1.000000
 0.000000 0.000000 0.000000 1.000000
 0.000000 0.000000 1.000000 0.000000
 0.000000 1.000000 0.000000 0.000000
 0.500000 0.000000 0.500000 0.000000
 0.000000 0.000000 0.000000 1.000000
 0.000000 0.000000 0.000000 1.000000
URL https://www.prodoric.de/matrix/MX000062.html

MOTIF SinR
letter-probability matrix: alength= 4 w=  12 nsites= 4
 0.000000 0.000000 0.250000 0.750000
 0.000000 0.000000 0.000000 1.000000
 0.250000 0.000000 0.000000 0.750000
 0.000000 0.250000 0.750000 0.000000
 0.000000 0.000000 0.000000 1.000000
 0.000000 1.000000 0.000000 0.000000
 0.250000 0.000000 0.750000 0.000000
 0.750000 0.250000 0.000000 0.000000
 0.750000 0.000000 0.250000 0.000000
 0.250000 0.000000 0.250000 0.500000
 0.500000 0.000000 0.500000 0.000000
 0.500000 0.000000 0.000000 0.500000
URL https://www.prodoric.de/matrix/MX000086.html

MOTIF TreR
letter-probability matrix: alength= 4 w=  14 nsites= 2
 0.000000 0.500000 0.500000 0.000000
 0.000000 0.500000 0.000000 0.500000
 0.000000 0.000000 0.000000 1.000000
 0.000000 0.000000 1.000000 0.000000
 0.000000 0.000000 0.000000 1.000000
 1.000000 0.000000 0.000000 0.000000
 0.000000 0.000000 0.000000 1.000000
 1.000000 0.000000 0.000000 0.000000
 0.000000 0.000000 0.000000 1.000000
 1.000000 0.000000 0.000000 0.000000
 0.000000 1.000000 0.000000 0.000000
 1.000000 0.000000 0.000000 0.000000
 0.500000 0.000000 0.500000 0.000000
 0.000000 0.000000 1.000000 0.000000
URL https://www.prodoric.de/matrix/MX000087.html

MOTIF Xre
letter-probability matrix: alength= 4 w=  15 nsites= 4
 0.000000 0.000000 1.000000 0.000000
 1.000000 0.000000 0.000000 0.000000
 0.000000 0.000000 0.000000 1.000000
 1.000000 0.000000 0.000000 0.000000
 0.250000 0.750000 0.000000 0.000000
 1.000000 0.000000 0.000000 0.000000
 0.750000 0.000000 0.250000 0.000000
 1.000000 0.000000 0.000000 0.000000
 1.000000 0.000000 0.000000 0.000000
 0.250000 0.000000 0.000000 0.750000
 0.000000 0.000000 1.000000 0.000000
 0.000000 0.000000 0.000000 1.000000
 1.000000 0.000000 0.000000 0.000000
 0.000000 0.000000 0.000000 1.000000
 0.000000 1.000000 0.000000 0.000000
URL https://www.prodoric.de/matrix/MX000088.html

MOTIF XylR
letter-probability matrix: alength= 4 w=  10 nsites= 4
 0.000000 0.000000 0.000000 1.000000
 0.000000 0.000000 0.000000 1.000000
 0.750000 0.000000 0.000000 0.250000
 0.000000 0.000000 1.000000 0.000000
 0.000000 0.000000 0.000000 1.000000
 0.000000 0.000000 0.000000 1.000000
 0.000000 0.000000 0.000000 1.000000
 0.250000 0.000000 0.750000 0.000000
 0.500000 0.000000 0.000000 0.500000
 0.500000 0.000000 0.000000 0.500000
URL https://www.prodoric.de/matrix/MX000089.html

MOTIF Zur
letter-probability matrix: alength= 4 w=  18 nsites= 14
 0.928571 0.000000 0.071429 0.000000
 0.857143 0.000000 0.000000 0.142857
 0.071429 0.214286 0.000000 0.714286
 0.071429 0.928571 0.000000 0.000000
 0.000000 0.000000 1.000000 0.000000
 0.000000 0.000000 0.214286 0.785714
 0.857143 0.000000 0.000000 0.142857
 1.000000 0.000000 0.000000 0.000000
 0.000000 0.142857 0.000000 0.857143
 0.142857 0.428571 0.285714 0.142857
 0.785714 0.000000 0.071429 0.142857
 0.000000 0.000000 0.000000 1.000000
 0.142857 0.000000 0.214286 0.642857
 0.214286 0.142857 0.000000 0.642857
 0.000000 0.642857 0.071429 0.285714
 0.142857 0.000000 0.785714 0.071429
 0.500000 0.142857 0.142857 0.214286
 0.000000 0.000000 0.000000 1.000000
URL https://www.prodoric.de/matrix/MX000090.html

MOTIF ArcA
letter-probability matrix: alength= 4 w=  10 nsites= 26
 0.269231 0.076923 0.038462 0.615385
 0.076923 0.038462 0.769231 0.115385
 0.076923 0.115385 0.038462 0.769231
 0.115385 0.038462 0.038462 0.807692
 0.653846 0.076923 0.115385 0.153846
 0.461538 0.230769 0.000000 0.307692
 0.384615 0.192308 0.038462 0.384615
 0.384615 0.038462 0.000000 0.576923
 0.615385 0.115385 0.115385 0.153846
 0.307692 0.115385 0.115385 0.461538
URL https://www.prodoric.de/matrix/MX000091.html

MOTIF CaiF
letter-probability matrix: alength= 4 w=  34 nsites= 2
 0.000000 0.000000 0.000000 1.000000
 0.000000 0.000000 0.000000 1.000000
 0.000000 0.000000 0.000000 1.000000
 0.000000 1.000000 0.000000 0.000000
 1.000000 0.000000 0.000000 0.000000
 1.000000 0.000000 0.000000 0.000000
 0.000000 0.000000 0.000000 1.000000
 1.000000 0.000000 0.000000 0.000000
 0.000000 0.000000 0.000000 1.000000
 0.000000 0.000000 0.000000 1.000000
 0.000000 0.000000 1.000000 0.000000
 0.000000 0.000000 0.000000 1.000000
 0.000000 0.000000 0.000000 1.000000
 0.500000 0.000000 0.000000 0.500000
 0.500000 0.000000 0.000000 0.500000
 0.500000 0.000000 0.500000 0.000000
 0.000000 0.000000 0.000000 1.000000
 0.500000 0.000000 0.000000 0.500000
 0.000000 0.500000 0.500000 0.000000
 0.500000 0.500000 0.000000 0.000000
 0.000000 0.000000 0.000000 1.000000
 0.000000 1.000000 0.000000 0.000000
 1.000000 0.000000 0.000000 0.000000
 0.000000 1.000000 0.000000 0.000000
 0.000000 1.000000 0.000000 0.000000
 1.000000 0.000000 0.000000 0.000000
 1.000000 0.000000 0.000000 0.000000
 0.000000 0.000000 0.000000 1.000000
 1.000000 0.000000 0.000000 0.000000
 0.000000 0.000000 0.000000 1.000000
 0.000000 0.000000 0.000000 1.000000
 0.000000 0.000000 1.000000 0.000000
 1.000000 0.000000 0.000000 0.000000
 1.000000 0.000000 0.000000 0.000000
URL https://www.prodoric.de/matrix/MX000092.html

MOTIF CRP
letter-probability matrix: alength= 4 w=  16 nsites= 85
 0.047059 0.047059 0.000000 0.905882
 0.070588 0.035294 0.800000 0.094118
 0.035294 0.094118 0.094118 0.776471
 0.070588 0.047059 0.764706 0.117647
 0.823529 0.035294 0.082353 0.058824
 0.282353 0.152941 0.164706 0.400000
 0.188235 0.282353 0.258824 0.270588
 0.294118 0.188235 0.141176 0.376471
 0.294118 0.141176 0.294118 0.270588
 0.188235 0.235294 0.329412 0.247059
 0.400000 0.188235 0.164706 0.247059
 0.117647 0.082353 0.164706 0.635294
 0.152941 0.705882 0.000000 0.141176
 0.623529 0.082353 0.141176 0.152941
 0.152941 0.576471 0.058824 0.211765
 0.517647 0.105882 0.141176 0.235294
URL https://www.prodoric.de/matrix/MX000093.html

MOTIF CysB
letter-probability matrix: alength= 4 w=  15 nsites= 11
 0.181818 0.181818 0.181818 0.454545
 0.090909 0.181818 0.181818 0.545455
 0.636364 0.000000 0.272727 0.090909
 0.000000 0.000000 0.000000 1.000000
 0.000000 0.000000 0.000000 1.000000
 0.272727 0.363636 0.272727 0.090909
 0.090909 0.636364 0.090909 0.181818
 0.272727 0.363636 0.000000 0.363636
 0.272727 0.363636 0.090909 0.272727
 0.363636 0.181818 0.090909 0.363636
 0.363636 0.000000 0.000000 0.636364
 0.181818 0.090909 0.090909 0.636364
 0.090909 0.181818 0.272727 0.454545
 0.363636 0.272727 0.181818 0.181818
 0.545455 0.090909 0.181818 0.181818
URL https://www.prodoric.de/matrix/MX000094.html

MOTIF MhpR
letter-probability matrix: alength= 4 w=  17 nsites= 1
 0.000000 0.000000 1.000000 0.000000
