
MEME version 4

ALPHABET= ACGT

strands: + -

Background letter frequencies (from uniform background):
A	0.25000 C	0.25000 G	0.25000 T	0.25000 

MOTIF MexR

letter-probability matrix: alength= 4 E= 0 w= 15 nsites= 2
	0.00000	0.00000	1.00000	0.000000
	0.00000	0.00000	0.00000	1.000000
	0.00000	0.00000	0.00000	1.000000
	0.00000	0.00000	1.00000	0.000000
	1.00000	0.00000	0.00000	0.000000
	0.00000	0.50000	0.00000	0.500000
	0.00000	1.00000	0.00000	0.000000
	0.00000	0.50000	0.00000	0.500000
	0.50000	0.00000	0.00000	0.500000
	0.50000	0.00000	0.50000	0.000000
	0.00000	0.00000	0.00000	1.000000
	0.00000	1.00000	0.00000	0.000000
	1.00000	0.00000	0.00000	0.000000
	1.00000	0.00000	0.00000	0.000000
	0.00000	1.00000	0.00000	0.000000

URL https://www.prodoric.de/matrix/MX000001.html

MOTIF Anr

letter-probability matrix: alength= 4 E= 0 w= 14 nsites= 9
	0.00000	0.11111	0.00000	0.888889
	0.00000	0.00000	0.00000	1.000000
	0.00000	0.00000	1.00000	0.000000
	0.66666	0.11111	0.00000	0.222222
	0.00000	0.66666	0.00000	0.333333
	0.22222	0.33333	0.22222	0.222222
	0.00000	0.22222	0.33333	0.444444
	0.11111	0.22222	0.66666	0.000000
	0.33333	0.44444	0.22222	0.000000
	0.77777	0.00000	0.22222	0.000000
	0.11111	0.00000	0.00000	0.888889
	0.00000	1.00000	0.00000	0.000000
	1.00000	0.00000	0.00000	0.000000
	0.77777	0.00000	0.22222	0.000000

URL https://www.prodoric.de/matrix/MX000002.html

MOTIF NarL

letter-probability matrix: alength= 4 E= 0 w=  7 nsites= 69
	0.02898	0.02898	0.00000	0.942029
	0.92753	0.02898	0.04347	0.000000
	0.17391	0.65217	0.01449	0.159420
	0.07246	0.43478	0.07246	0.420290
	0.11594	0.46376	0.15942	0.260870
	0.49275	0.33333	0.00000	0.173913
	0.17391	0.14492	0.05797	0.623188

URL https://www.prodoric.de/matrix/MX000003.html

MOTIF Fnr

letter-probability matrix: alength= 4 E= 0 w= 14 nsites= 22
	0.09090	0.00000	0.00000	0.909091
	0.00000	0.00000	0.04545	0.954545
	0.00000	0.00000	1.00000	0.000000
	0.81818	0.09090	0.04545	0.045455
	0.09090	0.00000	0.09090	0.818182
	0.27272	0.18181	0.13636	0.409091
	0.18181	0.13636	0.04545	0.636364
	0.45454	0.18181	0.09090	0.272727
	0.18181	0.27272	0.22727	0.318182
	0.86363	0.13636	0.00000	0.000000
	0.18181	0.04545	0.04545	0.727273
	0.00000	0.90909	0.00000	0.090909
	0.86363	0.00000	0.04545	0.090909
	0.68181	0.13636	0.04545	0.136364

URL https://www.prodoric.de/matrix/MX000004.html

MOTIF Fnr

letter-probability matrix: alength= 4 E= 0 w= 16 nsites= 9
	0.11111	0.00000	0.00000	0.888889
	0.00000	0.00000	1.00000	0.000000
	0.00000	0.00000	0.00000	1.000000
	0.00000	0.00000	1.00000	0.000000
	1.00000	0.00000	0.00000	0.000000
	0.77777	0.11111	0.00000	0.111111
	0.66666	0.00000	0.33333	0.000000
	0.00000	0.11111	0.00000	0.888889
	0.66666	0.00000	0.22222	0.111111
	0.11111	0.44444	0.11111	0.333333
	0.22222	0.00000	0.00000	0.777778
	0.00000	0.00000	0.22222	0.777778
	0.00000	1.00000	0.00000	0.000000
	1.00000	0.00000	0.00000	0.000000
	0.00000	1.00000	0.00000	0.000000
	0.88888	0.00000	0.00000	0.111111

URL https://www.prodoric.de/matrix/MX000005.html

MOTIF SpoIIID

letter-probability matrix: alength= 4 E= 0 w= 10 nsites=	16
	0.50000	0.12500	0.06250	0.312500
	0.56250	0.06250	0.25000	0.125000
	0.37500	0.06250	0.43750	0.125000
	0.31250	0.25000	0.37500	0.062500
	0.68750	0.12500	0.00000	0.187500
	0.12500	0.75000	0.12500	0.000000
	0.75000	0.00000	0.12500	0.125000
	0.43750	0.12500	0.37500	0.062500
	0.12500	0.37500	0.31250	0.187500
	0.12500	0.56250	0.06250	0.250000

URL https://www.prodoric.de/matrix/MX000006.html

MOTIF ArgR

letter-probability matrix: alength= 4 E= 0 w= 16 nsites=	19
	0.05263	0.00000	0.05263	0.894737
	0.00000	0.05263	0.84210	0.105263
	0.05263	0.05263	0.15789	0.736842
	0.00000	0.78947	0.05263	0.157895
	0.05263	0.05263	0.84210	0.052632
	0.00000	0.73684	0.10526	0.157895
	0.26315	0.05263	0.47368	0.210526
	0.36842	0.10526	0.15789	0.368421
	0.26315	0.42105	0.10526	0.210526
	0.21052	0.15789	0.31578	0.315789
	0.15789	0.31578	0.31578	0.210526
	0.15789	0.42105	0.15789	0.263158
	0.10526	0.05263	0.78947	0.052632
	0.31578	0.36842	0.05263	0.263158
	0.63157	0.21052	0.15789	0.000000
	0.63157	0.00000	0.26315	0.105263

URL https://www.prodoric.de/matrix/MX000007.html

MOTIF GlpR

letter-probability matrix: alength= 4 E= 0 w= 17 nsites=	14
	0.00000	0.00000	0.85714	0.142857
	0.00000	0.35714	0.07142	0.571429
	0.00000	0.00000	0.50000	0.500000
	0.00000	0.92857	0.00000	0.071429
	0.14285	0.00000	0.85714	0.000000
	0.35714	0.00000	0.14285	0.500000
	0.42857	0.07142	0.07142	0.428571
	0.64285	0.07142	0.00000	0.285714
	0.21428	0.07142	0.00000	0.714286
	0.07142	0.28571	0.21428	0.428571
	0.14285	0.14285	0.50000	0.214286
	0.42857	0.42857	0.14285	0.000000
	0.35714	0.07142	0.21428	0.357143
	0.07142	0.85714	0.00000	0.071429
	0.92857	0.00000	0.07142	0.000000
	0.21428	0.07142	0.07142	0.642857
	0.35714	0.00000	0.14285	0.500000

URL https://www.prodoric.de/matrix/MX000008.html

MOTIF ResD

letter-probability matrix: alength= 4 E= 0 w=  21 nsites= 7
	0.14285	0.00000	0.00000	0.857143
	0.00000	0.00000	0.71428	0.285714
	0.71428	0.14285	0.00000	0.142857
	0.42857	0.00000	0.28571	0.285714
	0.42857	0.14285	0.00000	0.428571
	0.42857	0.14285	0.14285	0.285714
	0.28571	0.00000	0.00000	0.714286
	0.42857	0.00000	0.00000	0.571429
	0.28571	0.14285	0.14285	0.428571
	0.00000	0.00000	0.14285	0.857143
	0.42857	0.00000	0.14285	0.428571
	0.00000	0.00000	0.00000	1.000000
	0.14285	0.00000	0.71428	0.142857
	0.57142	0.00000	0.00000	0.428571
	0.57142	0.00000	0.00000	0.428571
	0.28571	0.28571	0.00000	0.428571
	0.57142	0.28571	0.00000	0.142857
	0.71428	0.00000	0.00000	0.285714
	0.28571	0.14285	0.14285	0.428571
	0.42857	0.14285	0.28571	0.142857
	0.14285	0.28571	0.14285	0.428571

URL https://www.prodoric.de/matrix/MX000009.html

MOTIF IHF

letter-probability matrix: alength= 4 E= 0 w=  8 nsites= 4
	0.25000	0.75000	0.00000	0.000000
	0.75000	0.25000	0.00000	0.000000
	0.75000	0.00000	0.25000	0.000000
	0.00000	0.25000	0.25000	0.500000
	0.25000	0.00000	0.50000	0.250000
	0.00000	0.25000	0.50000	0.250000
	0.50000	0.00000	0.00000	0.500000
	0.00000	0.00000	0.25000	0.750000

URL https://www.prodoric.de/matrix/MX000010.html

MOTIF RhlR

letter-probability matrix: alength= 4 E= 0 w= 16 nsites= 7
	0.00000	1.00000	0.00000	0.000000
	0.00000	0.00000	0.00000	1.000000
	0.14285	0.14285	0.71428	0.000000
	0.00000	0.71428	0.00000	0.285714
	0.28571	0.42857	0.28571	0.000000
	0.57142	0.00000	0.14285	0.285714
	0.14285	0.14285	0.57142	0.142857
	0.57142	0.00000	0.14285	0.285714
	0.28571	0.14285	0.00000	0.571429
	0.00000	0.85714	0.00000	0.142857
	0.00000	0.14285	0.14285	0.714286
	0.00000	0.14285	0.71428	0.142857
	0.00000	0.14285	0.71428	0.142857
	0.28571	0.42857	0.00000	0.285714
	0.71428	0.00000	0.28571	0.000000
	0.00000	0.28571	0.71428	0.000000

URL https://www.prodoric.de/matrix/MX000011.html

MOTIF LasR

letter-probability matrix: alength= 4 E= 0 w=  20 nsites=	11
	1.00000	0.00000	0.00000	0.000000
	0.18181	0.72727	0.00000	0.090909
	0.09090	0.90909	0.00000	0.000000
	0.18181	0.00000	0.09090	0.727273
	0.45454	0.18181	0.27272	0.090909
	0.09090	0.45454	0.27272	0.181818
	0.09090	0.72727	0.00000	0.181818
	0.36363	0.09090	0.09090	0.454545
	0.27272	0.09090	0.45454	0.181818
	0.63636	0.00000	0.00000	0.363636
	0.18181	0.27272	0.00000	0.545455
	0.18181	0.45454	0.09090	0.272727
	0.09090	0.18181	0.27272	0.454545
	0.18181	0.09090	0.54545	0.181818
	0.09090	0.36363	0.27272	0.272727
	0.18181	0.27272	0.09090	0.454545
	0.54545	0.09090	0.27272	0.090909
	0.18181	0.09090	0.54545	0.181818
	0.09090	0.00000	0.54545	0.363636
	0.09090	0.09090	0.36363	0.454545

URL https://www.prodoric.de/matrix/MX000012.html

MOTIF Fur

letter-probability matrix: alength= 4 E= 0 w= 19 nsites= 7
	0.14285	0.14285	0.71428	0.000000
	0.71428	0.00000	0.14285	0.142857
	0.57142	0.00000	0.14285	0.285714
	1.00000	0.00000	0.00000	0.000000
	0.71428	0.00000	0.00000	0.285714
	0.00000	0.28571	0.00000	0.714286
	0.14285	0.14285	0.42857	0.285714
	0.85714	0.14285	0.00000	0.000000
	0.28571	0.14285	0.14285	0.428571
	0.42857	0.00000	0.00000	0.571429
	0.57142	0.14285	0.00000	0.285714
	0.00000	0.00000	0.14285	0.857143
	0.00000	0.85714	0.00000	0.142857
	0.85714	0.00000	0.00000	0.142857
	0.14285	0.00000	0.14285	0.714286
	0.14285	0.00000	0.00000	0.857143
	0.71428	0.14285	0.14285	0.000000
	0.00000	0.00000	0.28571	0.714286
	0.00000	1.00000	0.00000	0.000000

URL https://www.prodoric.de/matrix/MX000013.html

MOTIF HP166

letter-probability matrix: alength= 4 E= 0 w= 12 nsites= 3
	1.00000	0.00000	0.00000	0.000000
	1.00000	0.00000	0.00000	0.000000
	1.00000	0.00000	0.00000	0.000000
	0.00000	1.00000	0.00000	0.000000
	0.00000	0.33333	0.66666	0.000000
	0.66666	0.33333	0.00000	0.000000
	0.66666	0.00000	0.00000	0.333333
	0.00000	0.00000	0.00000	1.000000
	0.33333	0.66666	0.00000	0.000000
	0.66666	0.00000	0.33333	0.000000
	0.00000	0.00000	0.00000	1.000000
	0.00000	0.00000	0.00000	1.000000

URL https://www.prodoric.de/matrix/MX000014.html

MOTIF Fur

letter-probability matrix: alength= 4 E= 0 w= 17 nsites= 8
	0.75000	0.12500	0.00000	0.125000
	0.12500	0.12500	0.00000	0.750000
	0.25000	0.00000	0.12500	0.625000
	0.50000	0.12500	0.12500	0.250000
	0.25000	0.00000	0.12500	0.625000
	0.37500	0.25000	0.12500	0.250000
	0.25000	0.00000	0.12500	0.625000
	0.25000	0.00000	0.00000	0.750000
	0.50000	0.00000	0.12500	0.375000
	0.62500	0.12500	0.00000	0.250000
	0.37500	0.00000	0.00000	0.625000
	0.37500	0.12500	0.12500	0.375000
	0.87500	0.00000	0.00000	0.125000
	0.37500	0.00000	0.00000	0.625000
	0.75000	0.00000	0.00000	0.250000
	0.75000	0.00000	0.00000	0.250000
	0.12500	0.12500	0.00000	0.750000

URL https://www.prodoric.de/matrix/MX000016.html

MOTIF CtsR

letter-probability matrix: alength= 4 E= 0 w= 17 nsites= 7
	0.57142	0.00000	0.28571	0.142857
	0.14285	0.00000	0.71428	0.142857
	0.00000	0.00000	0.00000	1.000000
	0.00000	0.85714	0.14285	0.000000
	1.00000	0.00000	0.00000	0.000000
	0.85714	0.14285	0.00000	0.000000
	0.85714	0.14285	0.00000	0.000000
	0.00000	0.00000	0.71428	0.285714
	0.71428	0.00000	0.00000	0.285714
	0.14285	0.00000	0.00000	0.857143
	0.57142	0.00000	0.42857	0.000000
	0.14285	0.00000	0.71428	0.142857
	0.00000	0.00000	0.00000	1.000000
	0.00000	0.85714	0.14285	0.000000
	1.00000	0.00000	0.00000	0.000000
	0.71428	0.14285	0.14285	0.000000
	0.85714	0.14285	0.00000	0.000000

URL https://www.prodoric.de/matrix/MX000017.html

MOTIF CtsR

letter-probability matrix: alength= 4 E= 0 w= 17 nsites= 4
	0.50000	0.00000	0.50000	0.000000
	0.00000	0.00000	0.75000	0.250000
	0.00000	0.00000	0.00000	1.000000
	0.00000	0.75000	0.00000	0.250000
	0.75000	0.00000	0.25000	0.000000
	1.00000	0.00000	0.00000	0.000000
	0.75000	0.25000	0.00000	0.000000
	0.50000	0.25000	0.25000	0.000000
	0.50000	0.00000	0.00000	0.500000
	0.50000	0.00000	0.00000	0.500000
	0.50000	0.00000	0.50000	0.000000
	0.00000	0.00000	0.75000	0.250000
	0.00000	0.00000	0.00000	1.000000
	0.00000	0.75000	0.00000	0.250000
	0.75000	0.00000	0.25000	0.000000
	0.75000	0.00000	0.25000	0.000000
	0.50000	0.25000	0.00000	0.250000

URL https://www.prodoric.de/matrix/MX000018.html

MOTIF Spo0A

letter-probability matrix: alength= 4 E= 0 w= 12 nsites= 45
	0.24444	0.06666	0.00000	0.688889
	0.20000	0.02222	0.02222	0.755556
	0.04444	0.00000	0.02222	0.933333
	0.00000	0.02222	0.97777	0.000000
	0.08888	0.11111	0.02222	0.777778
	0.00000	0.97777	0.02222	0.000000
	0.20000	0.02222	0.77777	0.000000
	0.77777	0.08888	0.11111	0.022222
	0.86666	0.00000	0.06666	0.066667
	0.57777	0.04444	0.06666	0.311111
	0.46666	0.04444	0.26666	0.222222
	0.57777	0.08888	0.15555	0.177778

URL https://www.prodoric.de/matrix/MX000019.html

MOTIF AraR

letter-probability matrix: alength= 4 E= 0 w= 16 nsites= 5
	1.00000	0.00000	0.00000	0.000000
	0.20000	0.00000	0.00000	0.800000
	0.20000	0.00000	0.00000	0.800000
	0.40000	0.00000	0.00000	0.600000
	0.00000	0.00000	1.00000	0.000000
	0.00000	0.00000	0.00000	1.000000
	0.60000	0.20000	0.00000	0.200000
	0.00000	1.00000	0.00000	0.000000
	0.00000	0.00000	1.00000	0.000000
	0.00000	0.00000	0.00000	1.000000
	1.00000	0.00000	0.00000	0.000000
	0.00000	0.60000	0.00000	0.400000
	0.60000	0.20000	0.00000	0.200000
	0.60000	0.20000	0.00000	0.200000
	0.60000	0.00000	0.00000	0.400000
	0.20000	0.00000	0.00000	0.800000

URL https://www.prodoric.de/matrix/MX000020.html

MOTIF CcpA

letter-probability matrix: alength= 4 E= 0 w= 14 nsites= 75
	0.13333	0.00000	0.00000	0.866667
	0.04000	0.02666	0.93333	0.000000
	0.56000	0.01333	0.18666	0.240000
	0.92000	0.01333	0.00000	0.066667
	0.94666	0.01333	0.02666	0.013333
	0.29333	0.13333	0.57333	0.000000
	0.02666	0.96000	0.00000	0.013333
	0.01333	0.02666	0.96000	0.000000
	0.01333	0.38666	0.20000	0.400000
	0.25333	0.02666	0.01333	0.706667
	0.37333	0.00000	0.10666	0.520000
	0.30666	0.17333	0.05333	0.466667
	0.17333	0.77333	0.01333	0.040000
	0.77333	0.04000	0.02666	0.160000

URL https://www.prodoric.de/matrix/MX000022.html

MOTIF ComK

letter-probability matrix: alength= 4 E= 0 w= 13 nsites= 20
	1.00000	0.00000	0.00000	0.000000
	0.80000	0.00000	0.05000	0.150000
	0.90000	0.00000	0.00000	0.100000
	0.80000	0.05000	0.05000	0.100000
	0.15000	0.30000	0.10000	0.450000
	0.35000	0.25000	0.20000	0.200000
	0.30000	0.20000	0.25000	0.250000
	0.05000	0.30000	0.40000	0.250000
	0.35000	0.10000	0.30000	0.250000
	0.05000	0.00000	0.00000	0.950000
	0.05000	0.00000	0.00000	0.950000
	0.05000	0.05000	0.00000	0.900000
	0.00000	0.15000	0.00000	0.850000

URL https://www.prodoric.de/matrix/MX000023.html

MOTIF CcpC

letter-probability matrix: alength= 4 E= 0 w=  6 nsites=	17
	1.00000	0.00000	0.00000	0.000000
	0.00000	0.00000	0.00000	1.000000
	1.00000	0.00000	0.00000	0.000000
	1.00000	0.00000	0.00000	0.000000
	0.17647	0.11764	0.58823	0.117647
	0.41176	0.00000	0.11764	0.470588

URL https://www.prodoric.de/matrix/MX000024.html

MOTIF DinR

letter-probability matrix: alength= 4 E= 0 w= 14 nsites= 8
	0.25000	0.62500	0.12500	0.000000
	0.00000	0.00000	1.00000	0.000000
	1.00000	0.00000	0.00000	0.000000
	1.00000	0.00000	0.00000	0.000000
	0.00000	0.75000	0.00000	0.250000
	0.37500	0.12500	0.25000	0.250000
	0.25000	0.12500	0.00000	0.625000
	0.50000	0.00000	0.25000	0.250000
	0.12500	0.25000	0.00000	0.625000
	0.00000	0.00000	1.00000	0.000000
	0.00000	0.00000	0.00000	1.000000
	0.00000	0.00000	0.00000	1.000000
	0.00000	0.62500	0.00000	0.375000
	0.00000	0.12500	0.87500	0.000000

URL https://www.prodoric.de/matrix/MX000025.html

MOTIF TnrA

letter-probability matrix: alength= 4 E= 0 w= 17 nsites=	18
	0.00000	0.05555	0.00000	0.944444
	0.05555	0.00000	0.94444	0.000000
	0.11111	0.00000	0.16666	0.722222
	0.16666	0.22222	0.11111	0.500000
	1.00000	0.00000	0.00000	0.000000
	0.22222	0.22222	0.44444	0.111111
	0.55555	0.05555	0.22222	0.166667
	0.50000	0.05555	0.00000	0.444444
	0.61111	0.00000	0.00000	0.388889
	0.55555	0.00000	0.00000	0.444444
	0.16666	0.05555	0.05555	0.722222
	0.44444	0.44444	0.05555	0.055556
	0.00000	0.00000	0.00000	1.000000
	0.27777	0.05555	0.27777	0.388889
	0.94444	0.05555	0.00000	0.000000
	0.00000	1.00000	0.00000	0.000000
	0.83333	0.05555	0.05555	0.055556

URL https://www.prodoric.de/matrix/MX000026.html

MOTIF GlnR

letter-probability matrix: alength= 4 E= 0 w= 17 nsites= 3
	0.00000	0.00000	0.00000	1.000000
	0.00000	0.00000	1.00000	0.000000
	0.00000	0.00000	0.00000	1.000000
	0.33333	0.00000	0.33333	0.333333
	1.00000	0.00000	0.00000	0.000000
	1.00000	0.00000	0.00000	0.000000
	0.00000	0.33333	0.33333	0.333333
	0.66666	0.00000	0.00000	0.333333
	0.66666	0.00000	0.00000	0.333333
	0.33333	0.00000	0.00000	0.666667
	0.00000	0.33333	0.00000	0.666667
	0.66666	0.33333	0.00000	0.000000
	0.00000	0.00000	0.00000	1.000000
	0.66666	0.00000	0.00000	0.333333
	1.00000	0.00000	0.00000	0.000000
	0.00000	1.00000	0.00000	0.000000
	1.00000	0.00000	0.00000	0.000000

URL https://www.prodoric.de/matrix/MX000027.html

MOTIF IHF

letter-probability matrix: alength= 4 E= 0 w= 13 nsites= 63
	0.60317	0.06349	0.01587	0.317460
	0.71428	0.04761	0.04761	0.190476
	0.46031	0.14285	0.06349	0.333333
	0.22222	0.31746	0.12698	0.333333
	0.34920	0.20634	0.06349	0.380952
	0.46031	0.09523	0.15873	0.285714
	0.36507	0.12698	0.14285	0.365079
	0.11111	0.14285	0.06349	0.682540
	0.19047	0.07936	0.41269	0.317460
	0.49206	0.06349	0.34920	0.095238
	0.33333	0.06349	0.01587	0.587302
	0.12698	0.04761	0.00000	0.825397
	0.34920	0.07936	0.03174	0.539683

URL https://www.prodoric.de/matrix/MX000028.html

MOTIF Fis

letter-probability matrix: alength= 4 E= 0 w= 15 nsites= 93
	0.02150	0.02150	0.92473	0.032258
	0.19354	0.26881	0.21505	0.322581
	0.21505	0.23655	0.16129	0.387097
	0.15053	0.30107	0.23655	0.311828
	0.58064	0.06451	0.23655	0.118280
	0.46236	0.12903	0.07526	0.333333
	0.40860	0.09677	0.13978	0.354839
	0.48387	0.04301	0.07526	0.397849
	0.36559	0.12903	0.10752	0.397849
	0.37634	0.11828	0.10752	0.397849
	0.12903	0.20430	0.09677	0.569892
	0.34408	0.25806	0.30107	0.096774
	0.31182	0.22580	0.31182	0.150538
	0.22580	0.34408	0.26881	0.161290
	0.07526	0.81720	0.04301	0.064516

URL https://www.prodoric.de/matrix/MX000029.html

MOTIF DegU

letter-probability matrix: alength= 4 E= 0 w=  20 nsites= 21
	0.95238	0.00000	0.00000	0.047619
	0.14285	0.09523	0.76190	0.000000
	0.80952	0.00000	0.04761	0.142857
	0.57142	0.09523	0.19047	0.142857
	0.42857	0.19047	0.04761	0.333333
	0.28571	0.23809	0.09523	0.380952
	0.38095	0.19047	0.14285	0.285714
	0.28571	0.23809	0.04761	0.428571
	0.57142	0.04761	0.00000	0.380952
	0.42857	0.23809	0.09523	0.238095
	0.28571	0.09523	0.28571	0.333333
	0.19047	0.38095	0.23809	0.190476
	0.28571	0.33333	0.09523	0.285714
	0.38095	0.23809	0.04761	0.333333
	0.33333	0.09523	0.00000	0.571429
	0.19047	0.00000	0.04761	0.761905
	0.04761	0.09523	0.09523	0.761905
	0.23809	0.47619	0.09523	0.190476
	0.47619	0.00000	0.28571	0.238095
	0.19047	0.14285	0.47619	0.190476

URL https://www.prodoric.de/matrix/MX000030.html

MOTIF PhoP

letter-probability matrix: alength= 4 E= 0 w= 17 nsites=	16
	0.00000	0.00000	0.31250	0.687500
	0.25000	0.12500	0.50000	0.125000
	0.06250	0.00000	0.06250	0.875000
	0.06250	0.00000	0.00000	0.937500
	0.12500	0.06250	0.12500	0.687500
	0.93750	0.00000	0.06250	0.000000
	0.25000	0.12500	0.31250	0.312500
	0.18750	0.18750	0.43750	0.187500
	0.12500	0.12500	0.37500	0.375000
	0.18750	0.18750	0.12500	0.500000
	0.18750	0.37500	0.06250	0.375000
	0.00000	0.00000	0.43750	0.562500
	0.31250	0.00000	0.56250	0.125000
	0.06250	0.00000	0.00000	0.937500
	0.06250	0.00000	0.06250	0.875000
	0.12500	0.06250	0.25000	0.562500
	1.00000	0.00000	0.00000	0.000000

URL https://www.prodoric.de/matrix/MX000031.html

MOTIF CovR

letter-probability matrix: alength= 4 E= 0 w= 11 nsites= 20
	0.40000	0.15000	0.15000	0.300000
	0.55000	0.05000	0.05000	0.350000
	0.40000	0.15000	0.10000	0.350000
	0.35000	0.15000	0.15000	0.350000
	0.95000	0.00000	0.05000	0.000000
	0.00000	0.00000	0.05000	0.950000
	0.00000	0.00000	0.00000	1.000000
	0.95000	0.00000	0.00000	0.050000
	0.55000	0.10000	0.30000	0.050000
	0.90000	0.00000	0.05000	0.050000
	0.45000	0.10000	0.25000	0.200000

URL https://www.prodoric.de/matrix/MX000038.html

MOTIF RofA

letter-probability matrix: alength= 4 E= 0 w= 12 nsites= 3
	0.00000	0.00000	0.00000	1.000000
	0.00000	0.00000	0.00000	1.000000
	0.00000	0.00000	0.00000	1.000000
	0.00000	0.00000	0.00000	1.000000
	0.00000	0.66666	0.33333	0.000000
	0.33333	0.00000	0.33333	0.333333
	0.33333	0.33333	0.00000	0.333333
	0.66666	0.00000	0.33333	0.000000
	1.00000	0.00000	0.00000	0.000000
	1.00000	0.00000	0.00000	0.000000
	0.66666	0.33333	0.00000	0.000000
	1.00000	0.00000	0.00000	0.000000

URL https://www.prodoric.de/matrix/MX000039.html

MOTIF CsrR

letter-probability matrix: alength= 4 E= 0 w= 13 nsites= 8
	0.87500	0.00000	0.00000	0.125000
	0.12500	0.00000	0.00000	0.875000
	0.00000	0.00000	0.00000	1.000000
	0.37500	0.00000	0.00000	0.625000
	0.00000	0.00000	0.37500	0.625000
	0.25000	0.00000	0.00000	0.750000
	0.87500	0.00000	0.12500	0.000000
	0.50000	0.25000	0.12500	0.125000
	0.62500	0.12500	0.00000	0.250000
	0.62500	0.00000	0.12500	0.250000
	0.62500	0.12500	0.00000	0.250000
	0.50000	0.25000	0.12500	0.125000
	0.75000	0.00000	0.00000	0.250000

URL https://www.prodoric.de/matrix/MX000041.html

MOTIF RegR

letter-probability matrix: alength= 4 E= 0 w= 16 nsites= 7
	0.00000	0.28571	0.00000	0.714286
	0.00000	0.00000	1.00000	0.000000
	0.00000	0.57142	0.00000	0.428571
	0.00000	0.00000	1.00000	0.000000
	0.57142	0.00000	0.14285	0.285714
	0.00000	1.00000	0.00000	0.000000
	0.71428	0.00000	0.14285	0.142857
	0.28571	0.28571	0.14285	0.285714
	0.71428	0.00000	0.00000	0.285714
	0.28571	0.14285	0.28571	0.285714
	0.00000	0.00000	0.28571	0.714286
	0.00000	0.00000	1.00000	0.000000
	0.42857	0.42857	0.00000	0.142857
	0.00000	0.85714	0.00000	0.142857
	0.28571	0.28571	0.42857	0.000000
	0.14285	0.71428	0.14285	0.000000

URL https://www.prodoric.de/matrix/MX000042.html

MOTIF AhrC

letter-probability matrix: alength= 4 E= 0 w= 18 nsites= 3
	0.33333	0.66666	0.00000	0.000000
	0.33333	0.00000	0.00000	0.666667
	0.00000	0.00000	0.00000	1.000000
	0.00000	0.00000	0.66666	0.333333
	0.33333	0.66666	0.00000	0.000000
	1.00000	0.00000	0.00000	0.000000
	0.00000	0.00000	0.00000	1.000000
	0.00000	0.00000	0.00000	1.000000
	0.00000	0.00000	0.00000	1.000000
	0.33333	0.00000	0.00000	0.666667
	0.00000	0.00000	0.00000	1.000000
	1.00000	0.00000	0.00000	0.000000
	0.00000	0.00000	0.00000	1.000000
	0.33333	0.00000	0.00000	0.666667
	0.33333	0.66666	0.00000	0.000000
	1.00000	0.00000	0.00000	0.000000
	0.00000	0.00000	0.33333	0.666667
	0.33333	0.00000	0.66666	0.000000

URL https://www.prodoric.de/matrix/MX000043.html

MOTIF CitT

letter-probability matrix: alength= 4 E= 0 w=  6 nsites= 8
	0.62500	0.00000	0.00000	0.375000
	0.50000	0.12500	0.00000	0.375000
	0.00000	0.75000	0.00000	0.250000
	0.87500	0.00000	0.12500	0.000000
	0.75000	0.00000	0.25000	0.000000
	0.87500	0.12500	0.00000	0.000000

URL https://www.prodoric.de/matrix/MX000044.html

MOTIF CodY

letter-probability matrix: alength= 4 E= 0 w= 15 nsites=	10
	0.90000	0.10000	0.00000	0.000000
	0.80000	0.00000	0.20000	0.000000
	0.10000	0.00000	0.00000	0.900000
	0.30000	0.00000	0.00000	0.700000
	0.20000	0.10000	0.10000	0.600000
	0.10000	0.00000	0.10000	0.800000
	0.20000	0.50000	0.30000	0.000000
	0.40000	0.40000	0.00000	0.200000
	0.50000	0.00000	0.20000	0.300000
	0.80000	0.10000	0.00000	0.100000
	0.60000	0.00000	0.00000	0.400000
	0.60000	0.10000	0.00000	0.300000
	0.50000	0.00000	0.10000	0.400000
	0.20000	0.10000	0.00000	0.700000
	0.30000	0.20000	0.00000	0.500000

URL https://www.prodoric.de/matrix/MX000045.html

MOTIF ComA

letter-probability matrix: alength= 4 E= 0 w= 16 nsites= 5
	0.00000	0.00000	0.00000	1.000000
	0.00000	0.00000	0.00000	1.000000
	0.00000	0.00000	0.80000	0.200000
	0.00000	1.00000	0.00000	0.000000
	0.00000	0.00000	1.00000	0.000000
	0.00000	0.00000	0.80000	0.200000
	0.00000	0.40000	0.20000	0.400000
	0.40000	0.20000	0.20000	0.200000
	0.20000	0.00000	0.00000	0.800000
	0.00000	0.80000	0.20000	0.000000
	0.20000	0.80000	0.00000	0.000000
	0.00000	1.00000	0.00000	0.000000
	0.00000	0.00000	1.00000	0.000000
	0.40000	0.60000	0.00000	0.000000
	1.00000	0.00000	0.00000	0.000000
	0.20000	0.20000	0.20000	0.400000

URL https://www.prodoric.de/matrix/MX000046.html

MOTIF GerE

letter-probability matrix: alength= 4 E= 0 w= 12 nsites=	17
	0.76470	0.00000	0.23529	0.000000
	0.47058	0.00000	0.00000	0.529412
	0.94117	0.00000	0.05882	0.000000
	0.00000	0.00000	0.00000	1.000000
	0.64705	0.11764	0.23529	0.000000
	0.23529	0.00000	0.64705	0.117647
	0.23529	0.00000	0.76470	0.000000
	0.00000	0.52941	0.00000	0.470588
	0.17647	0.35294	0.23529	0.235294
	0.52941	0.00000	0.11764	0.352941
	0.29411	0.11764	0.11764	0.470588
	0.29411	0.00000	0.23529	0.470588

URL https://www.prodoric.de/matrix/MX000047.html

MOTIF GltC

letter-probability matrix: alength= 4 E= 0 w= 15 nsites= 3
	1.00000	0.00000	0.00000	0.000000
	0.00000	0.00000	0.00000	1.000000
	0.33333	0.66666	0.00000	0.000000
	0.00000	0.00000	0.00000	1.000000
	0.33333	0.66666	0.00000	0.000000
	0.66666	0.00000	0.33333	0.000000
	0.33333	0.00000	0.00000	0.666667
	0.00000	0.00000	0.00000	1.000000
	0.00000	0.00000	0.00000	1.000000
	0.33333	0.00000	0.00000	0.666667
	0.00000	0.00000	0.66666	0.333333
	1.00000	0.00000	0.00000	0.000000
	0.33333	0.00000	0.33333	0.333333
	1.00000	0.00000	0.00000	0.000000
	0.33333	0.00000	0.00000	0.666667

URL https://www.prodoric.de/matrix/MX000048.html

MOTIF GltR

letter-probability matrix: alength= 4 E= 0 w= 15 nsites= 2
	1.00000	0.00000	0.00000	0.000000
	0.00000	0.00000	0.00000	1.000000
	0.00000	0.50000	0.00000	0.500000
	0.00000	0.50000	0.00000	0.500000
	0.50000	0.50000	0.00000	0.000000
	1.00000	0.00000	0.00000	0.000000
	1.00000	0.00000	0.00000	0.000000
	1.00000	0.00000	0.00000	0.000000
	0.50000	0.00000	0.00000	0.500000
	0.00000	0.00000	0.00000	1.000000
	0.50000	0.50000	0.00000	0.000000
	1.00000	0.00000	0.00000	0.000000
	0.00000	0.00000	1.00000	0.000000
	1.00000	0.00000	0.00000	0.000000
	0.00000	0.00000	0.00000	1.000000

URL https://www.prodoric.de/matrix/MX000049.html

MOTIF Hpr

letter-probability matrix: alength= 4 E= 0 w=  9 nsites= 8
	0.75000	0.00000	0.25000	0.000000
	1.00000	0.00000	0.00000	0.000000
	0.00000	0.00000	0.00000	1.000000
	1.00000	0.00000	0.00000	0.000000
	0.37500	0.12500	0.12500	0.375000
	0.37500	0.00000	0.00000	0.625000
	0.62500	0.00000	0.25000	0.125000
	0.12500	0.12500	0.12500	0.625000
	0.12500	0.12500	0.00000	0.750000

URL https://www.prodoric.de/matrix/MX000050.html

MOTIF IolR

letter-probability matrix: alength= 4 E= 0 w= 11 nsites= 6
	0.50000	0.00000	0.00000	0.500000
	0.66666	0.00000	0.16666	0.166667
	1.00000	0.00000	0.00000	0.000000
	0.33333	0.50000	0.00000	0.166667
	0.00000	0.83333	0.00000	0.166667
	0.83333	0.00000	0.16666	0.000000
	0.66666	0.00000	0.00000	0.333333
	0.33333	0.33333	0.16666	0.166667
	1.00000	0.00000	0.00000	0.000000
	0.33333	0.33333	0.33333	0.000000
	0.16666	0.00000	0.16666	0.666667

URL https://www.prodoric.de/matrix/MX000051.html

MOTIF LevR

letter-probability matrix: alength= 4 E= 0 w=  8 nsites= 3
	0.00000	0.00000	0.00000	1.000000
	0.00000	0.00000	1.00000	0.000000
	0.00000	0.00000	0.00000	1.000000
	0.66666	0.00000	0.00000	0.333333
	0.00000	0.00000	0.00000	1.000000
	0.00000	0.33333	0.00000	0.666667
	1.00000	0.00000	0.00000	0.000000
	1.00000	0.00000	0.00000	0.000000

URL https://www.prodoric.de/matrix/MX000052.html

MOTIF LicT

letter-probability matrix: alength= 4 E= 0 w=  29 nsites= 2
	0.00000	0.00000	1.00000	0.000000
	0.00000	0.00000	1.00000	0.000000
	1.00000	0.00000	0.00000	0.000000
	0.00000	0.00000	0.00000	1.000000
	0.00000	0.00000	0.00000	1.000000
	0.00000	0.00000	1.00000	0.000000
	0.00000	0.00000	0.00000	1.000000
	0.00000	0.00000	0.00000	1.000000
	1.00000	0.00000	0.00000	0.000000
	0.00000	1.00000	0.00000	0.000000
	0.00000	0.00000	0.00000	1.000000
	0.00000	0.00000	1.00000	0.000000
	0.50000	0.50000	0.00000	0.000000
	0.00000	0.00000	0.50000	0.500000
	1.00000	0.00000	0.00000	0.000000
	1.00000	0.00000	0.00000	0.000000
	1.00000	0.00000	0.00000	0.000000
	0.00000	0.00000	1.00000	0.000000
	0.00000	1.00000	0.00000	0.000000
	1.00000	0.00000	0.00000	0.000000
	0.00000	0.00000	1.00000	0.000000
	0.00000	0.00000	1.00000	0.000000
	0.00000	1.00000	0.00000	0.000000
	1.00000	0.00000	0.00000	0.000000
	1.00000	0.00000	0.00000	0.000000
	1.00000	0.00000	0.00000	0.000000
	1.00000	0.00000	0.00000	0.000000
	0.00000	1.00000	0.00000	0.000000
	0.00000	1.00000	0.00000	0.000000

URL https://www.prodoric.de/matrix/MX000053.html

MOTIF MntR

letter-probability matrix: alength= 4 E= 0 w= 18 nsites= 8
	0.37500	0.12500	0.00000	0.500000
	0.12500	0.00000	0.25000	0.625000
	0.00000	0.12500	0.00000	0.875000
	0.25000	0.00000	0.00000	0.750000
	0.00000	0.00000	0.87500	0.125000
	0.00000	0.62500	0.12500	0.250000
	0.50000	0.12500	0.12500	0.250000
	0.25000	0.00000	0.25000	0.500000
	0.25000	0.12500	0.25000	0.375000
	0.62500	0.12500	0.25000	0.000000
	0.25000	0.12500	0.62500	0.000000
	0.37500	0.00000	0.50000	0.125000
	0.00000	0.37500	0.50000	0.125000
	0.50000	0.37500	0.12500	0.000000
	0.75000	0.25000	0.00000	0.000000
	1.00000	0.00000	0.00000	0.000000
	0.12500	0.75000	0.00000	0.125000
	0.25000	0.12500	0.00000	0.625000

URL https://www.prodoric.de/matrix/MX000054.html

MOTIF Mta

letter-probability matrix: alength= 4 E= 0 w=  22 nsites= 4
	0.00000	0.00000	1.00000	0.000000
	1.00000	0.00000	0.00000	0.000000
	0.00000	1.00000	0.00000	0.000000
	0.00000	0.25000	0.00000	0.750000
	0.25000	0.75000	0.00000	0.000000
	0.00000	0.00000	0.00000	1.000000
	0.50000	0.50000	0.00000	0.000000
	0.25000	0.50000	0.00000	0.250000
	0.25000	0.50000	0.25000	0.000000
	0.00000	0.50000	0.50000	0.000000
	0.00000	0.00000	0.00000	1.000000
	0.75000	0.00000	0.00000	0.250000
	0.50000	0.00000	0.50000	0.000000
	0.00000	0.75000	0.25000	0.000000
	0.25000	0.25000	0.25000	0.250000
	0.50000	0.00000	0.25000	0.250000
	0.00000	0.00000	0.75000	0.250000
	1.00000	0.00000	0.00000	0.000000
	0.00000	0.00000	0.50000	0.500000
	0.25000	0.00000	0.50000	0.250000
	0.00000	0.25000	0.50000	0.250000
	0.00000	0.50000	0.00000	0.500000

URL https://www.prodoric.de/matrix/MX000055.html

MOTIF PhoP

letter-probability matrix: alength= 4 E= 0 w=  6 nsites= 40
	0.00000	0.00000	0.02500	0.975000
	0.12500	0.05000	0.00000	0.825000
	0.47500	0.32500	0.00000	0.200000
	0.82500	0.05000	0.00000	0.125000
	0.25000	0.62500	0.00000	0.125000
	0.80000	0.05000	0.00000	0.150000

URL https://www.prodoric.de/matrix/MX000057.html

MOTIF PucR

letter-probability matrix: alength= 4 E= 0 w= 11 nsites= 9
	0.44444	0.11111	0.00000	0.444444
	0.22222	0.11111	0.00000	0.666667
	0.33333	0.00000	0.22222	0.444444
	0.11111	0.55555	0.00000	0.333333
	0.11111	0.22222	0.11111	0.555556
	0.22222	0.00000	0.22222	0.555556
	0.00000	0.22222	0.00000	0.777778
	0.00000	0.00000	0.77777	0.222222
	0.00000	0.00000	0.33333	0.666667
	0.00000	0.22222	0.11111	0.666667
	0.00000	0.22222	0.00000	0.777778

URL https://www.prodoric.de/matrix/MX000058.html

MOTIF PurR

letter-probability matrix: alength= 4 E= 0 w= 14 nsites=	16
	0.68750	0.00000	0.06250	0.250000
	0.75000	0.00000	0.06250	0.187500
	0.56250	0.00000	0.00000	0.437500
	0.37500	0.12500	0.06250	0.437500
	0.43750	0.31250	0.18750	0.062500
	0.00000	0.93750	0.00000	0.062500
	0.00000	0.00000	0.93750	0.062500
	0.93750	0.06250	0.00000	0.000000
	0.93750	0.00000	0.06250	0.000000
	0.00000	0.62500	0.00000	0.375000
	0.56250	0.00000	0.25000	0.187500
	0.37500	0.00000	0.00000	0.625000
	0.12500	0.00000	0.00000	0.875000
	0.56250	0.06250	0.00000	0.375000

URL https://www.prodoric.de/matrix/MX000059.html

MOTIF PrfA

letter-probability matrix: alength= 4 E= 0 w= 14 nsites= 6
	0.33333	0.00000	0.00000	0.666667
	0.00000	0.00000	0.00000	1.000000
	1.00000	0.00000	0.00000	0.000000
	1.00000	0.00000	0.00000	0.000000
	0.00000	1.00000	0.00000	0.000000
	0.83333	0.00000	0.16666	0.000000
	0.50000	0.16666	0.00000	0.333333
	0.50000	0.00000	0.16666	0.333333
	0.16666	0.00000	0.00000	0.833333
	0.00000	0.00000	1.00000	0.000000
	0.00000	0.00000	0.00000	1.000000
	0.16666	0.00000	0.00000	0.833333
	1.00000	0.00000	0.00000	0.000000
	0.83333	0.00000	0.16666	0.000000

URL https://www.prodoric.de/matrix/MX000060.html

MOTIF RocR

letter-probability matrix: alength= 4 E= 0 w=  21 nsites= 2
	0.50000	0.00000	0.00000	0.500000
	0.50000	0.50000	0.00000	0.000000
	0.00000	1.00000	0.00000	0.000000
	0.00000	0.00000	1.00000	0.000000
	0.00000	1.00000	0.00000	0.000000
	1.00000	0.00000	0.00000	0.000000
	1.00000	0.00000	0.00000	0.000000
	1.00000	0.00000	0.00000	0.000000
	1.00000	0.00000	0.00000	0.000000
	0.00000	0.00000	0.00000	1.000000
	1.00000	0.00000	0.00000	0.000000
	1.00000	0.00000	0.00000	0.000000
	0.50000	0.00000	0.00000	0.500000
	0.00000	0.00000	0.00000	1.000000
	0.00000	0.00000	0.00000	1.000000
	0.00000	0.00000	0.00000	1.000000
	0.00000	0.00000	1.00000	0.000000
	0.00000	1.00000	0.00000	0.000000
	0.50000	0.00000	0.50000	0.000000
	0.00000	0.00000	0.00000	1.000000
	0.00000	0.00000	0.00000	1.000000

URL https://www.prodoric.de/matrix/MX000062.html

MOTIF SinR

letter-probability matrix: alength= 4 E= 0 w= 12 nsites= 4
	0.00000	0.00000	0.25000	0.750000
	0.00000	0.00000	0.00000	1.000000
	0.25000	0.00000	0.00000	0.750000
	0.00000	0.25000	0.75000	0.000000
	0.00000	0.00000	0.00000	1.000000
	0.00000	1.00000	0.00000	0.000000
	0.25000	0.00000	0.75000	0.000000
	0.75000	0.25000	0.00000	0.000000
	0.75000	0.00000	0.25000	0.000000
	0.25000	0.00000	0.25000	0.500000
	0.50000	0.00000	0.50000	0.000000
	0.50000	0.00000	0.00000	0.500000

URL https://www.prodoric.de/matrix/MX000086.html

MOTIF TreR

letter-probability matrix: alength= 4 E= 0 w= 14 nsites= 2
	0.00000	0.50000	0.50000	0.000000
	0.00000	0.50000	0.00000	0.500000
	0.00000	0.00000	0.00000	1.000000
	0.00000	0.00000	1.00000	0.000000
	0.00000	0.00000	0.00000	1.000000
	1.00000	0.00000	0.00000	0.000000
	0.00000	0.00000	0.00000	1.000000
	1.00000	0.00000	0.00000	0.000000
	0.00000	0.00000	0.00000	1.000000
	1.00000	0.00000	0.00000	0.000000
	0.00000	1.00000	0.00000	0.000000
	1.00000	0.00000	0.00000	0.000000
	0.50000	0.00000	0.50000	0.000000
	0.00000	0.00000	1.00000	0.000000

URL https://www.prodoric.de/matrix/MX000087.html

MOTIF Xre

letter-probability matrix: alength= 4 E= 0 w= 15 nsites= 4
	0.00000	0.00000	1.00000	0.000000
	1.00000	0.00000	0.00000	0.000000
	0.00000	0.00000	0.00000	1.000000
	1.00000	0.00000	0.00000	0.000000
	0.25000	0.75000	0.00000	0.000000
	1.00000	0.00000	0.00000	0.000000
	0.75000	0.00000	0.25000	0.000000
	1.00000	0.00000	0.00000	0.000000
	1.00000	0.00000	0.00000	0.000000
	0.25000	0.00000	0.00000	0.750000
	0.00000	0.00000	1.00000	0.000000
	0.00000	0.00000	0.00000	1.000000
	1.00000	0.00000	0.00000	0.000000
	0.00000	0.00000	0.00000	1.000000
	0.00000	1.00000	0.00000	0.000000

URL https://www.prodoric.de/matrix/MX000088.html

MOTIF XylR

letter-probability matrix: alength= 4 E= 0 w= 10 nsites= 4
	0.00000	0.00000	0.00000	1.000000
	0.00000	0.00000	0.00000	1.000000
	0.75000	0.00000	0.00000	0.250000
	0.00000	0.00000	1.00000	0.000000
	0.00000	0.00000	0.00000	1.000000
	0.00000	0.00000	0.00000	1.000000
	0.00000	0.00000	0.00000	1.000000
	0.25000	0.00000	0.75000	0.000000
	0.50000	0.00000	0.00000	0.500000
	0.50000	0.00000	0.00000	0.500000

URL https://www.prodoric.de/matrix/MX000089.html

MOTIF Zur

letter-probability matrix: alength= 4 E= 0 w= 18 nsites=	14
	0.92857	0.00000	0.07142	0.000000
	0.85714	0.00000	0.00000	0.142857
	0.07142	0.21428	0.00000	0.714286
	0.07142	0.92857	0.00000	0.000000
	0.00000	0.00000	1.00000	0.000000
	0.00000	0.00000	0.21428	0.785714
	0.85714	0.00000	0.00000	0.142857
	1.00000	0.00000	0.00000	0.000000
	0.00000	0.14285	0.00000	0.857143
	0.14285	0.42857	0.28571	0.142857
	0.78571	0.00000	0.07142	0.142857
	0.00000	0.00000	0.00000	1.000000
	0.14285	0.00000	0.21428	0.642857
	0.21428	0.14285	0.00000	0.642857
	0.00000	0.64285	0.07142	0.285714
	0.14285	0.00000	0.78571	0.071429
	0.50000	0.14285	0.14285	0.214286
	0.00000	0.00000	0.00000	1.000000

URL https://www.prodoric.de/matrix/MX000090.html

MOTIF ArcA

letter-probability matrix: alength= 4 E= 0 w= 10 nsites= 26
	0.26923	0.07692	0.03846	0.615385
	0.07692	0.03846	0.76923	0.115385
	0.07692	0.11538	0.03846	0.769231
	0.11538	0.03846	0.03846	0.807692
	0.65384	0.07692	0.11538	0.153846
	0.46153	0.23076	0.00000	0.307692
	0.38461	0.19230	0.03846	0.384615
	0.38461	0.03846	0.00000	0.576923
	0.61538	0.11538	0.11538	0.153846
	0.30769	0.11538	0.11538	0.461538

URL https://www.prodoric.de/matrix/MX000091.html

MOTIF CaiF

letter-probability matrix: alength= 4 E= 0 w=  34 nsites= 2
	0.00000	0.00000	0.00000	1.000000
	0.00000	0.00000	0.00000	1.000000
	0.00000	0.00000	0.00000	1.000000
	0.00000	1.00000	0.00000	0.000000
	1.00000	0.00000	0.00000	0.000000
	1.00000	0.00000	0.00000	0.000000
	0.00000	0.00000	0.00000	1.000000
	1.00000	0.00000	0.00000	0.000000
	0.00000	0.00000	0.00000	1.000000
	0.00000	0.00000	0.00000	1.000000
	0.00000	0.00000	1.00000	0.000000
	0.00000	0.00000	0.00000	1.000000
	0.00000	0.00000	0.00000	1.000000
	0.50000	0.00000	0.00000	0.500000
	0.50000	0.00000	0.00000	0.500000
	0.50000	0.00000	0.50000	0.000000
	0.00000	0.00000	0.00000	1.000000
	0.50000	0.00000	0.00000	0.500000
	0.00000	0.50000	0.50000	0.000000
	0.50000	0.50000	0.00000	0.000000
	0.00000	0.00000	0.00000	1.000000
	0.00000	1.00000	0.00000	0.000000
	1.00000	0.00000	0.00000	0.000000
	0.00000	1.00000	0.00000	0.000000
	0.00000	1.00000	0.00000	0.000000
	1.00000	0.00000	0.00000	0.000000
	1.00000	0.00000	0.00000	0.000000
	0.00000	0.00000	0.00000	1.000000
	1.00000	0.00000	0.00000	0.000000
	0.00000	0.00000	0.00000	1.000000
	0.00000	0.00000	0.00000	1.000000
	0.00000	0.00000	1.00000	0.000000
	1.00000	0.00000	0.00000	0.000000
	1.00000	0.00000	0.00000	0.000000

URL https://www.prodoric.de/matrix/MX000092.html

MOTIF CRP

letter-probability matrix: alength= 4 E= 0 w= 16 nsites= 85
	0.04705	0.04705	0.00000	0.905882
	0.07058	0.03529	0.80000	0.094118
	0.03529	0.09411	0.09411	0.776471
	0.07058	0.04705	0.76470	0.117647
	0.82352	0.03529	0.08235	0.058824
	0.28235	0.15294	0.16470	0.400000
	0.18823	0.28235	0.25882	0.270588
	0.29411	0.18823	0.14117	0.376471
	0.29411	0.14117	0.29411	0.270588
	0.18823	0.23529	0.32941	0.247059
	0.40000	0.18823	0.16470	0.247059
	0.11764	0.08235	0.16470	0.635294
	0.15294	0.70588	0.00000	0.141176
	0.62352	0.08235	0.14117	0.152941
	0.15294	0.57647	0.05882	0.211765
	0.51764	0.10588	0.14117	0.235294

URL https://www.prodoric.de/matrix/MX000093.html

MOTIF CysB

letter-probability matrix: alength= 4 E= 0 w= 15 nsites=	11
	0.18181	0.18181	0.18181	0.454545
	0.09090	0.18181	0.18181	0.545455
	0.63636	0.00000	0.27272	0.090909
	0.00000	0.00000	0.00000	1.000000
	0.00000	0.00000	0.00000	1.000000
	0.27272	0.36363	0.27272	0.090909
	0.09090	0.63636	0.09090	0.181818
	0.27272	0.36363	0.00000	0.363636
	0.27272	0.36363	0.09090	0.272727
	0.36363	0.18181	0.09090	0.363636
	0.36363	0.00000	0.00000	0.636364
	0.18181	0.09090	0.09090	0.636364
	0.09090	0.18181	0.27272	0.454545
	0.36363	0.27272	0.18181	0.181818
	0.54545	0.09090	0.18181	0.181818

URL https://www.prodoric.de/matrix/MX000094.html

MOTIF MhpR

letter-probability matrix: alength= 4 E= 0 w= 17 nsites=	1
	0.00000	0.00000	1.00000	0.000000
	0.00000	0.00000	1.00000	0.000000
	0.00000	0.00000	0.00000	1.000000
	0.00000	0.00000	1.00000	0.000000
	0.00000	1.00000	0.00000	0.000000
	1.00000	0.00000	0.00000	0.000000
	0.00000	1.00000	0.00000	0.000000
	0.00000	1.00000	0.00000	0.000000
	0.00000	0.00000	0.00000	1.000000
	0.00000	0.00000	1.00000	0.000000
	0.00000	0.00000	1.00000	0.000000
	0.00000	0.00000	0.00000	1.000000
	0.00000	0.00000	1.00000	0.000000
	0.00000	1.00000	0.00000	0.000000
	1.00000	0.00000	0.00000	0.000000
	0.00000	1.00000	0.00000	0.000000
	1.00000	0.00000	0.00000	0.000000

URL https://www.prodoric.de/matrix/MX000095.html

MOTIF Lrp

letter-probability matrix: alength= 4 E= 0 w= 12 nsites= 30
	0.06666	0.50000	0.20000	0.233333
	0.73333	0.03333	0.13333	0.100000
	0.13333	0.06666	0.56666	0.233333
	0.43333	0.13333	0.16666	0.266667
	0.50000	0.16666	0.16666	0.166667
	0.23333	0.13333	0.16666	0.466667
	0.46666	0.06666	0.06666	0.400000
	0.23333	0.23333	0.06666	0.466667
	0.33333	0.06666	0.03333	0.566667
	0.26666	0.10000	0.20000	0.433333
	0.16666	0.13333	0.06666	0.633333
	0.13333	0.23333	0.20000	0.433333

URL https://www.prodoric.de/matrix/MX000096.html

MOTIF Mlc

letter-probability matrix: alength= 4 E= 0 w=  21 nsites= 7
	0.14285	0.00000	0.00000	0.857143
	0.00000	0.00000	0.00000	1.000000
	0.71428	0.00000	0.00000	0.285714
	0.00000	0.00000	0.00000	1.000000
	0.00000	0.00000	0.00000	1.000000
	0.00000	0.00000	0.00000	1.000000
	0.00000	0.14285	0.00000	0.857143
	0.57142	0.00000	0.42857	0.000000
	0.28571	0.42857	0.28571	0.000000
	0.42857	0.14285	0.14285	0.285714
	0.00000	0.28571	0.42857	0.285714
	0.14285	0.42857	0.00000	0.428571
	0.00000	0.00000	0.42857	0.571429
	0.00000	0.85714	0.00000	0.142857
	0.00000	0.00000	1.00000	0.000000
	0.57142	0.00000	0.00000	0.428571
	1.00000	0.00000	0.00000	0.000000
	1.00000	0.00000	0.00000	0.000000
	0.28571	0.00000	0.00000	0.714286
	0.28571	0.00000	0.00000	0.714286
	0.85714	0.00000	0.00000	0.142857

URL https://www.prodoric.de/matrix/MX000097.html

MOTIF DnaA

letter-probability matrix: alength= 4 E= 0 w=  9 nsites=	17
	0.05882	0.00000	0.00000	0.941176
	0.05882	0.11764	0.00000	0.823529
	0.94117	0.00000	0.00000	0.058824
	0.00000	0.05882	0.00000	0.941176
	0.05882	0.64705	0.00000	0.294118
	0.05882	0.94117	0.00000	0.000000
	0.94117	0.00000	0.00000	0.058824
