{"ABA@@@@@10111100": {"beta values": {"marR": -0.45475286710544127, "narP": -1.8745645392035724, "cynR": -3.1476652719209985, "metJ": 0.5214450137178379, "arcA": 0.11196462213387959, "polymerase": 1.0, "ilvY": -2.794316023378397, "purR": -3.9359808353693557, "hns": -0.03613634673939603, "cytR": 0.8689540025470033, "glpR": 1.9196312488429763, "soxS": 3.6633768114464282, "fis": 0.03780894495504139, "narL": 9.436802750884658, "nagC": -0.5885127486751214, "galR": -3.1434242172358973, "hipB": 1.425340051323038, "araC": 14.50566140507202, "cysB": 1.8808899470719855, "argR": 1.4843385911792626, "ada": -4.046589112284258, "melR": -14.099430401849713, "cpxR": 0.6900264771513982, "oxyR": 1.3037008180845808, "iclR": 4.395799927890369, "lacI": 8.935120431763607, "phoB": 1.103567702662093, "rpoN": 1.2287791867015552, "tus": -2.2551788514308937, "deoR": 6.00170145546707, "dnaA": -0.6306469017380212, "fadR": -0.35097890777957397, "fur": 0.2682297605643944, "malT": -0.4789625866745153, "metR": -1.5850904614785253, "trpR": 1.6599945432873957, "ompR": 0.249551763860128, "rpoE": -1.1671756621156142, "modE": -0.24630684851166285, "pdhR": 1.1571044167804747, "rhaS": -2.898797349058606, "lrp": -0.3695751802747069, "fhlA": -2.34402642525473, "fnr": 0.2877451709150076, "lexA": 0.19826061351708468, "crp": 0.16605751600842045, "tyrR": 0.1827646178501735, "cspA": -1.1445601337916136, "torR": -7.751353988519325, "gcvA": -0.8103966514819401}, "covariance": "[[inf, inf, inf, inf, inf, inf, inf, inf, inf, inf, inf, inf, inf, inf, inf, inf, inf, inf, inf, inf, inf, inf, inf, inf, inf, inf, inf, inf, inf, inf, inf, inf, inf, inf, inf, inf, inf, inf, inf, inf, inf, inf, inf, inf, inf, inf, inf, inf, inf, inf], [inf, inf, inf, inf, inf, inf, inf, inf, inf, inf, inf, inf, inf, inf, inf, inf, inf, inf, inf, inf, inf, inf, inf, inf, inf, inf, inf, inf, inf, inf, inf, inf, inf, inf, inf, inf, inf, inf, inf, inf, inf, inf, inf, inf, inf, inf, inf, inf, inf, inf], [inf, inf, inf, inf, inf, inf, inf, inf, inf, inf, inf, inf, inf, inf, inf, inf, inf, inf, inf, inf, inf, inf, inf, inf, inf, inf, inf, inf, inf, inf, inf, inf, inf, inf, inf, inf, inf, inf, inf, inf, inf, inf, inf, inf, inf, inf, inf, inf, inf, inf], [inf, inf, inf, inf, inf, inf, inf, inf, inf, inf, inf, inf, inf, inf, inf, inf, inf, inf, inf, inf, inf, inf, inf, inf, inf, inf, inf, inf, inf, inf, inf, inf, inf, inf, inf, inf, inf, inf, inf, inf, inf, inf, inf, inf, inf, inf, inf, inf, inf, inf], [inf, inf, inf, inf, inf, inf, inf, inf, inf, inf, inf, inf, inf, inf, inf, inf, inf, inf, inf, inf, inf, inf, inf, inf, inf, inf, inf, inf, inf, inf, inf, inf, inf, inf, inf, inf, inf, inf, inf, inf, inf, inf, inf, inf, inf, inf, inf, inf, inf, inf], [inf, inf, inf, inf, inf, inf, inf, inf, inf, inf, inf, inf, inf, inf, inf, inf, inf, inf, inf, inf, inf, inf, inf, inf, inf, inf, inf, inf, inf, inf, inf, inf, inf, inf, inf, inf, inf, inf, inf, inf, inf, inf, inf, inf, inf, inf, inf, inf, inf, inf], [inf, inf, inf, inf, inf, inf, inf, inf, inf, inf, inf, inf, inf, inf, inf, inf, inf, inf, inf, inf, inf, inf, inf, inf, inf, inf, inf, inf, inf, inf, inf, inf, inf, inf, inf, inf, inf, inf, inf, inf, inf, inf, inf, inf, inf, inf, inf, inf, inf, inf], [inf, inf, inf, inf, inf, inf, inf, inf, inf, inf, inf, inf, inf, inf, inf, inf, inf, inf, inf, inf, inf, inf, inf, inf, inf, inf, inf, inf, inf, inf, inf, inf, inf, inf, inf, inf, inf, inf, inf, inf, inf, inf, inf, inf, inf, inf, inf, inf, inf, inf], [inf, inf, inf, inf, inf, inf, inf, inf, inf, inf, inf, inf, inf, inf, inf, inf, inf, inf, inf, inf, inf, inf, inf, inf, inf, inf, inf, inf, inf, inf, inf, inf, inf, inf, inf, inf, inf, inf, inf, inf, inf, inf, inf, inf, inf, inf, inf, inf, inf, inf], [inf, inf, inf, inf, inf, inf, inf, inf, inf, inf, inf, inf, inf, inf, inf, inf, inf, inf, inf, inf, inf, inf, inf, inf, inf, inf, inf, inf, inf, inf, inf, inf, inf, inf, inf, inf, inf, inf, inf, inf, inf, inf, inf, inf, inf, inf, inf, inf, inf, inf], [inf, inf, inf, inf, inf, inf, inf, inf, inf, inf, inf, inf, inf, inf, inf, inf, inf, inf, inf, inf, inf, inf, inf, inf, inf, inf, inf, inf, inf, inf, inf, inf, inf, inf, inf, inf, inf, inf, inf, inf, inf, inf, inf, inf, inf, inf, inf, inf, inf, inf], [inf, inf, inf, inf, inf, inf, inf, inf, inf, inf, inf, inf, inf, inf, inf, inf, inf, inf, inf, inf, inf, inf, inf, inf, inf, inf, inf, inf, inf, inf, inf, inf, inf, inf, inf, inf, inf, inf, inf, inf, inf, inf, inf, inf, inf, inf, inf, inf, inf, inf], [inf, inf, inf, inf, inf, inf, inf, inf, inf, inf, inf, inf, inf, inf, inf, inf, inf, inf, inf, inf, inf, inf, inf, inf, inf, inf, inf, inf, inf, inf, inf, inf, inf, inf, inf, inf, inf, inf, inf, inf, inf, inf, inf, inf, inf, inf, inf, inf, inf, inf], [inf, inf, inf, inf, inf, inf, inf, inf, inf, inf, inf, inf, inf, inf, inf, inf, inf, inf, inf, inf, inf, inf, inf, inf, inf, inf, inf, inf, inf, inf, inf, inf, inf, inf, inf, inf, inf, inf, inf, inf, inf, inf, inf, inf, inf, inf, inf, inf, inf, inf], [inf, inf, inf, inf, inf, inf, inf, inf, inf, inf, inf, inf, inf, inf, inf, inf, inf, inf, inf, inf, inf, inf, inf, inf, inf, inf, inf, inf, inf, inf, inf, inf, inf, inf, inf, inf, inf, inf, inf, inf, inf, inf, inf, inf, inf, inf, inf, inf, inf, inf], [inf, inf, inf, inf, inf, inf, inf, inf, inf, inf, inf, inf, inf, inf, inf, inf, inf, inf, inf, inf, inf, inf, inf, inf, inf, inf, inf, inf, inf, inf, inf, inf, inf, inf, inf, inf, inf, inf, inf, inf, inf, inf, inf, inf, inf, inf, inf, inf, inf, inf], [inf, inf, inf, inf, inf, inf, inf, inf, inf, inf, inf, inf, inf, inf, inf, inf, inf, inf, inf, inf, inf, inf, inf, inf, inf, inf, inf, inf, inf, inf, inf, inf, inf, inf, inf, inf, inf, inf, inf, inf, inf, inf, inf, inf, inf, inf, inf, inf, inf, inf], [inf, inf, inf, inf, inf, inf, inf, inf, inf, inf, inf, inf, inf, inf, inf, inf, inf, inf, inf, inf, inf, inf, inf, inf, inf, inf, inf, inf, inf, inf, inf, inf, inf, inf, inf, inf, inf, inf, inf, inf, inf, inf, inf, inf, inf, inf, inf, inf, inf, inf], [inf, inf, inf, inf, inf, inf, inf, inf, inf, inf, inf, inf, inf, inf, inf, inf, inf, inf, inf, inf, inf, inf, inf, inf, inf, inf, inf, inf, inf, inf, inf, inf, inf, inf, inf, inf, inf, inf, inf, inf, inf, inf, inf, inf, inf, inf, inf, inf, inf, inf], [inf, inf, inf, inf, inf, inf, inf, inf, inf, inf, inf, inf, inf, inf, inf, inf, inf, inf, inf, inf, inf, inf, inf, inf, inf, inf, inf, inf, inf, inf, inf, inf, inf, inf, inf, inf, inf, inf, inf, inf, inf, inf, inf, inf, inf, inf, inf, inf, inf, inf], [inf, inf, inf, inf, inf, inf, inf, inf, inf, inf, inf, inf, inf, inf, inf, inf, inf, inf, inf, inf, inf, inf, inf, inf, inf, inf, inf, inf, inf, inf, inf, inf, inf, inf, inf, inf, inf, inf, inf, inf, inf, inf, inf, inf, inf, inf, inf, inf, inf, inf], [inf, inf, inf, inf, inf, inf, inf, inf, inf, inf, inf, inf, inf, inf, inf, inf, inf, inf, inf, inf, inf, inf, inf, inf, inf, inf, inf, inf, inf, inf, inf, inf, inf, inf, inf, inf, inf, inf, inf, inf, inf, inf, inf, inf, inf, inf, inf, inf, inf, inf], [inf, inf, inf, inf, inf, inf, inf, inf, inf, inf, inf, inf, inf, inf, inf, inf, inf, inf, inf, inf, inf, inf, inf, inf, inf, inf, inf, inf, inf, inf, inf, inf, inf, inf, inf, inf, inf, inf, inf, inf, inf, inf, inf, inf, inf, inf, inf, inf, inf, inf], [inf, inf, inf, inf, inf, inf, inf, inf, inf, inf, inf, inf, inf, inf, inf, inf, inf, inf, inf, inf, inf, inf, inf, inf, inf, inf, inf, inf, inf, inf, inf, inf, inf, inf, inf, inf, inf, inf, inf, inf, inf, inf, inf, inf, inf, inf, inf, inf, inf, inf], [inf, inf, inf, inf, inf, inf, inf, inf, inf, inf, inf, inf, inf, inf, inf, inf, inf, inf, inf, inf, inf, inf, inf, inf, inf, inf, inf, inf, inf, inf, inf, inf, inf, inf, inf, inf, inf, inf, inf, inf, inf, inf, inf, inf, inf, inf, inf, inf, inf, inf], [inf, inf, inf, inf, inf, inf, inf, inf, inf, inf, inf, inf, inf, inf, inf, inf, inf, inf, inf, inf, inf, inf, inf, inf, inf, inf, inf, inf, inf, inf, inf, inf, inf, inf, inf, inf, inf, inf, inf, inf, inf, inf, inf, inf, inf, inf, inf, inf, inf, inf], [inf, inf, inf, inf, inf, inf, inf, inf, inf, inf, inf, inf, inf, inf, inf, inf, inf, inf, inf, inf, inf, inf, inf, inf, inf, inf, inf, inf, inf, inf, inf, inf, inf, inf, inf, inf, inf, inf, inf, inf, inf, inf, inf, inf, inf, inf, inf, inf, inf, inf], [inf, inf, inf, inf, inf, inf, inf, inf, inf, inf, inf, inf, inf, inf, inf, inf, inf, inf, inf, inf, inf, inf, inf, inf, inf, inf, inf, inf, inf, inf, inf, inf, inf, inf, inf, inf, inf, inf, inf, inf, inf, inf, inf, inf, inf, inf, inf, inf, inf, inf], [inf, inf, inf, inf, inf, inf, inf, inf, inf, inf, inf, inf, inf, inf, inf, inf, inf, inf, inf, inf, inf, inf, inf, inf, inf, inf, inf, inf, inf, inf, inf, inf, inf, inf, inf, inf, inf, inf, inf, inf, inf, inf, inf, inf, inf, inf, inf, inf, inf, inf], [inf, inf, inf, inf, inf, inf, inf, inf, inf, inf, inf, inf, inf, inf, inf, inf, inf, inf, inf, inf, inf, inf, inf, inf, inf, inf, inf, inf, inf, inf, inf, inf, inf, inf, inf, inf, inf, inf, inf, inf, inf, inf, inf, inf, inf, inf, inf, inf, inf, inf], [inf, inf, inf, inf, inf, inf, inf, inf, inf, inf, inf, inf, inf, inf, inf, inf, inf, inf, inf, inf, inf, inf, inf, inf, inf, inf, inf, inf, inf, inf, inf, inf, inf, inf, inf, inf, inf, inf, inf, inf, inf, inf, inf, inf, inf, inf, inf, inf, inf, inf], [inf, inf, inf, inf, inf, inf, inf, inf, inf, inf, inf, inf, inf, inf, inf, inf, inf, inf, inf, inf, inf, inf, inf, inf, inf, inf, inf, inf, inf, inf, inf, inf, inf, inf, inf, inf, inf, inf, inf, inf, inf, inf, inf, inf, inf, inf, inf, inf, inf, inf], [inf, inf, inf, inf, inf, inf, inf, inf, inf, inf, inf, inf, inf, inf, inf, inf, inf, inf, inf, inf, inf, inf, inf, inf, inf, inf, inf, inf, inf, inf, inf, inf, inf, inf, inf, inf, inf, inf, inf, inf, inf, inf, inf, inf, inf, inf, inf, inf, inf, inf], [inf, inf, inf, inf, inf, inf, inf, inf, inf, inf, inf, inf, inf, inf, inf, inf, inf, inf, inf, inf, inf, inf, inf, inf, inf, inf, inf, inf, inf, inf, inf, inf, inf, inf, inf, inf, inf, inf, inf, inf, inf, inf, inf, inf, inf, inf, inf, inf, inf, inf], [inf, inf, inf, inf, inf, inf, inf, inf, inf, inf, inf, inf, inf, inf, inf, inf, inf, inf, inf, inf, inf, inf, inf, inf, inf, inf, inf, inf, inf, inf, inf, inf, inf, inf, inf, inf, inf, inf, inf, inf, inf, inf, inf, inf, inf, inf, inf, inf, inf, inf], [inf, inf, inf, inf, inf, inf, inf, inf, inf, inf, inf, inf, inf, inf, inf, inf, inf, inf, inf, inf, inf, inf, inf, inf, inf, inf, inf, inf, inf, inf, inf, inf, inf, inf, inf, inf, inf, inf, inf, inf, inf, inf, inf, inf, inf, inf, inf, inf, inf, inf], [inf, inf, inf, inf, inf, inf, inf, inf, inf, inf, inf, inf, inf, inf, inf, inf, inf, inf, inf, inf, inf, inf, inf, inf, inf, inf, inf, inf, inf, inf, inf, inf, inf, inf, inf, inf, inf, inf, inf, inf, inf, inf, inf, inf, inf, inf, inf, inf, inf, inf], [inf, inf, inf, inf, inf, inf, inf, inf, inf, inf, inf, inf, inf, inf, inf, inf, inf, inf, inf, inf, inf, inf, inf, inf, inf, inf, inf, inf, inf, inf, inf, inf, inf, inf, inf, inf, inf, inf, inf, inf, inf, inf, inf, inf, inf, inf, inf, inf, inf, inf], [inf, inf, inf, inf, inf, inf, inf, inf, inf, inf, inf, inf, inf, inf, inf, inf, inf, inf, inf, inf, inf, inf, inf, inf, inf, inf, inf, inf, inf, inf, inf, inf, inf, inf, inf, inf, inf, inf, inf, inf, inf, inf, inf, inf, inf, inf, inf, inf, inf, inf], [inf, inf, inf, inf, inf, inf, inf, inf, inf, inf, inf, inf, inf, inf, inf, inf, inf, inf, inf, inf, inf, inf, inf, inf, inf, inf, inf, inf, inf, inf, inf, inf, inf, inf, inf, inf, inf, inf, inf, inf, inf, inf, inf, inf, inf, inf, inf, inf, inf, inf], [inf, inf, inf, inf, inf, inf, inf, inf, inf, inf, inf, inf, inf, inf, inf, inf, inf, inf, inf, inf, inf, inf, inf, inf, inf, inf, inf, inf, inf, inf, inf, inf, inf, inf, inf, inf, inf, inf, inf, inf, inf, inf, inf, inf, inf, inf, inf, inf, inf, inf], [inf, inf, inf, inf, inf, inf, inf, inf, inf, inf, inf, inf, inf, inf, inf, inf, inf, inf, inf, inf, inf, inf, inf, inf, inf, inf, inf, inf, inf, inf, inf, inf, inf, inf, inf, inf, inf, inf, inf, inf, inf, inf, inf, inf, inf, inf, inf, inf, inf, inf], [inf, inf, inf, inf, inf, inf, inf, inf, inf, inf, inf, inf, inf, inf, inf, inf, inf, inf, inf, inf, inf, inf, inf, inf, inf, inf, inf, inf, inf, inf, inf, inf, inf, inf, inf, inf, inf, inf, inf, inf, inf, inf, inf, inf, inf, inf, inf, inf, inf, inf], [inf, inf, inf, inf, inf, inf, inf, inf, inf, inf, inf, inf, inf, inf, inf, inf, inf, inf, inf, inf, inf, inf, inf, inf, inf, inf, inf, inf, inf, inf, inf, inf, inf, inf, inf, inf, inf, inf, inf, inf, inf, inf, inf, inf, inf, inf, inf, inf, inf, inf], [inf, inf, inf, inf, inf, inf, inf, inf, inf, inf, inf, inf, inf, inf, inf, inf, inf, inf, inf, inf, inf, inf, inf, inf, inf, inf, inf, inf, inf, inf, inf, inf, inf, inf, inf, inf, inf, inf, inf, inf, inf, inf, inf, inf, inf, inf, inf, inf, inf, inf], [inf, inf, inf, inf, inf, inf, inf, inf, inf, inf, inf, inf, inf, inf, inf, inf, inf, inf, inf, inf, inf, inf, inf, inf, inf, inf, inf, inf, inf, inf, inf, inf, inf, inf, inf, inf, inf, inf, inf, inf, inf, inf, inf, inf, inf, inf, inf, inf, inf, inf], [inf, inf, inf, inf, inf, inf, inf, inf, inf, inf, inf, inf, inf, inf, inf, inf, inf, inf, inf, inf, inf, inf, inf, inf, inf, inf, inf, inf, inf, inf, inf, inf, inf, inf, inf, inf, inf, inf, inf, inf, inf, inf, inf, inf, inf, inf, inf, inf, inf, inf], [inf, inf, inf, inf, inf, inf, inf, inf, inf, inf, inf, inf, inf, inf, inf, inf, inf, inf, inf, inf, inf, inf, inf, inf, inf, inf, inf, inf, inf, inf, inf, inf, inf, inf, inf, inf, inf, inf, inf, inf, inf, inf, inf, inf, inf, inf, inf, inf, inf, inf], [inf, inf, inf, inf, inf, inf, inf, inf, inf, inf, inf, inf, inf, inf, inf, inf, inf, inf, inf, inf, inf, inf, inf, inf, inf, inf, inf, inf, inf, inf, inf, inf, inf, inf, inf, inf, inf, inf, inf, inf, inf, inf, inf, inf, inf, inf, inf, inf, inf, inf], [inf, inf, inf, inf, inf, inf, inf, inf, inf, inf, inf, inf, inf, inf, inf, inf, inf, inf, inf, inf, inf, inf, inf, inf, inf, inf, inf, inf, inf, inf, inf, inf, inf, inf, inf, inf, inf, inf, inf, inf, inf, inf, inf, inf, inf, inf, inf, inf, inf, inf]]"}}
{"B@@A@@@A01100001": {"beta values": {"ompR": 1.0000088776411502, "fnr": 1.000000867607061, "malT": 0.9999979865707974, "ada": 0.9999816463419896, "arcA": 0.9999969555519834, "narL": 1.0000095339932553, "purR": 0.9999989561279514, "ilvY": 1.0000096383099342, "hns": 1.0000353841404268, "argR": 0.9999988765523977, "trpR": 1.0000017770788394, "iclR": 0.9999374444295179, "glpR": 1.0000142250401245, "phoB": 0.9999999393750487, "tus": 0.9999988724332836, "deoR": 1.0000157035651387, "rhaS": 1.000002689649094, "lrp": 0.9999998332005474, "crp": 0.9999989986739641, "metR": 0.9999419810268747, "oxyR": 0.9999933046938406, "fhlA": 0.9999929934113145, "pdhR": 1.0000207450249374, "fadR": 0.999994542569033, "lacI": 1.0000611001688793, "galR": 0.9999975510719619, "gcvA": 1.000008569445615, "cspA": 0.9999686620021759, "lexA": 0.9999980801594545, "cpxR": 0.9999911332966402, "metJ": 1.0000014550311032, "modE": 1.0000033417467438, "nagC": 0.9999979153927074, "cynR": 0.999900667043058, "rpoE": 0.999998322292788, "narP": 0.9999961575707634, "cysB": 0.999992640387261, "cytR": 1.0000476587325693, "hipB": 1.0000022544848368, "melR": 1.0000111649985024, "dnaA": 0.999994679656646, "torR": 1.0000320646401966, "rpoN": 0.9999419847855973, "soxS": 1.0000198843102404, "polymerase": 1.0000012118776074, "araC": 1.0000013695350614, "fis": 1.0000112388759623, "fur": 1.0000111716823985, "marR": 1.0000569395870946, "tyrR": 1.0000005057527581}, "covariance": "[[7.868829019703756e-11, -5.487254104500736e-13, -5.540195931835033e-13, -3.7018366064707235e-13, -4.611041128046512e-12, 8.955481710639322e-13, -7.379257081820845e-14, -3.4597293089375603e-12, -4.714849382127559e-12, -1.1472846009167869e-12, 2.425287928242017e-13, -3.869967239507908e-13, -3.5186639559905924e-12, -4.399075751715277e-13, -5.491867898678628e-14, 5.922793190466019e-12, 4.53497846099872e-13, -2.6691453395994054e-11, -4.197429583255242e-12, -1.7436415982176198e-12, 7.589328344322279e-13, -4.094348917703552e-12, -1.3555366885747578e-12, 1.5889401728741795e-12, 2.8802544313209003e-12, 4.738955665249764e-14, -5.900228574351732e-12, 2.345549527056406e-13, -2.5412400000214267e-14, 6.379163539097126e-13, 2.1872022473376364e-13, 1.980347319450184e-12, 6.145888675253862e-14, 3.6733551567901666e-12, 4.1764512202657313e-13, -1.1781362375317506e-12, -2.1710597402870114e-11, -4.8613310333422724e-12, 9.684054101486798e-13, -1.3682867412713947e-13, -1.6997419965453394e-13, -8.788493717896609e-12, 5.222017100659597e-12, 2.8269345742325846e-12, 1.190377831099289e-13, -7.25758605972055e-15, 2.728088423231775e-12, -3.6042046309568513e-12, -5.5348062873167635e-12, -7.018263604109436e-13], [-5.487254104500736e-13, 2.757792931350688e-12, -1.5222527006936012e-14, 5.142551917378757e-13, -7.013355231187404e-13, 4.65874066801185e-14, -4.316510152228308e-14, 1.802851113221094e-13, 8.225860519409697e-13, -1.2450377591015453e-13, -2.485184334364487e-13, -8.214866518782154e-13, 5.146226140479097e-13, -2.8405762658372043e-13, -2.850165986709987e-14, -6.657111471707205e-13, 4.222156445154801e-14, 6.035355643810384e-13, 3.896668005534669e-14, 2.3321194904008304e-13, -3.8238308635438615e-13, -8.583333214698288e-13, -8.014925913300148e-13, 5.317767166248761e-15, 2.3709181297825523e-13, 1.1811138438388238e-13, -1.0519651765183791e-12, -8.066690993699803e-13, -2.2857610073144573e-15, -2.287364554243235e-12, 1.5643031442304525e-14, 1.7141646049252564e-13, -6.594852696827298e-13, 1.5684545203105253e-12, -3.9323118556011536e-13, 4.104353298644256e-14, -1.0449125319354115e-12, 9.932762116604483e-13, -2.047130831899545e-13, -3.615879838536655e-13, 1.5566268764755882e-13, 1.4465389631647467e-12, 1.1114078710172e-12, 8.817714570004024e-13, -6.7183176679463934e-15, -5.4813031669669266e-14, -1.3997346527001781e-14, 8.193250005878238e-14, 2.408853450523024e-13, -4.2246010674628364e-13], [-5.540195931835033e-13, -1.5222527006936012e-14, 6.670488835902974e-11, -2.2908389773178806e-12, -5.172310574129077e-13, -2.499191589838227e-13, 8.234653585719892e-14, 2.0074830058645044e-13, -1.6741153944449796e-12, -3.0900957545623673e-13, -5.131001076100154e-14, -1.785769356177663e-12, -2.8290224652073228e-12, -1.8653424593215828e-13, 3.4659238381037815e-14, 2.641996077320209e-12, -6.895919438515524e-13, -3.3068245648151e-12, 1.9371567089453764e-13, -5.840870213690008e-12, -8.52065311793085e-13, -3.905354590650927e-12, -2.400829857084619e-12, -1.1714896116967798e-12, -7.128388516575365e-12, 6.730119767909049e-14, -4.25951785612817e-12, -8.154124429386703e-12, -8.288272457338186e-14, -2.3754071453250727e-12, 9.140667976282065e-14, -1.1782467810812532e-12, 3.178833274529932e-13, -5.615395284557858e-12, 1.109813204858397e-13, -1.2879411987965624e-13, 2.1211961424222453e-12, 5.714921550932568e-14, -1.564291039784737e-13, -3.27281718776564e-12, -2.8139733569305327e-12, -2.8385373478574833e-12, 2.6571278590919787e-12, -2.092815955441567e-12, -1.9557789877702933e-13, -2.7766499511678654e-14, 3.4408880909860527e-13, 6.062311535160918e-13, -7.320343923410325e-12, 3.8050582636483647e-13], [-3.7018366064707235e-13, 5.142551917378757e-13, -2.2908389773178806e-12, 2.0409983165197408e-10, 1.1192384572728513e-12, 6.474160467293696e-14, 4.056444621127797e-13, -2.5502461349668807e-12, -1.6611809338742728e-11, 6.309085185455645e-13, -5.348985378295673e-13, -1.9604510168931886e-11, -8.614951024787514e-12, 5.72882044602585e-13, 2.813223799563923e-13, -1.5370113908250786e-11, -1.1691089211776255e-12, 2.337196354982043e-12, -1.2399778681851454e-12, -1.4662275624875718e-11, -3.4483369239870908e-12, -7.01212772304203e-12, -8.798224474792762e-12, -1.42431265908301e-12, -2.6445449190324794e-11, -1.8493761491428437e-13, -6.405452947213779e-12, -4.636578495016947e-12, 2.277078433897265e-13, -2.180919856992333e-12, 9.960332642694296e-13, 3.0442302547508254e-13, -1.4270636601577485e-12, -5.0171147009738324e-12, -4.3436258515331613e-13, -1.9781137759565905e-12, -4.822970104155331e-12, 7.969618850267736e-13, 8.914912499533761e-14, -1.1005669017295247e-11, -1.2453888907252889e-12, -9.231897597270031e-12, -8.791002756111254e-12, -3.3082567872420203e-12, -1.2031603520833425e-12, -2.4471510803681715e-13, -1.891038299224829e-12, -9.900536499203446e-13, -1.638738240296708e-11, 1.853001996642917e-13], [-4.611041128046512e-12, -7.013355231187404e-13, -5.172310574129077e-13, 1.1192384572728513e-12, 8.285853508896158e-12, 5.564938439930731e-14, -9.767857046584003e-14, -2.054292108376937e-12, 1.0079981960714672e-12, 2.0657103197831356e-13, -3.6794271422859896e-13, 8.508486206233134e-13, 7.228239727586684e-13, -1.274929129681563e-13, -1.283931407297788e-13, -7.089379258652851e-13, -3.2296264553895323e-14, 3.71114722811303e-13, -4.867243961605648e-13, -9.655002474471973e-13, 3.001906656124575e-13, 8.364339491378122e-13, 1.268691260598101e-12, -4.104710800248448e-14, 8.607736646617044e-13, 7.046451791136352e-14, -9.767641775748549e-14, -1.520191105956815e-12, 2.1637836449066424e-14, 6.872861939769938e-13, 1.7919504742144774e-13, -4.653521169871374e-13, -1.2782292212419077e-12, 1.3962995496946406e-13, 3.849288953936594e-13, -1.801293141804996e-13, 2.323641821995806e-13, 4.1076138664398055e-13, -1.2480187322692582e-12, 6.835095294190949e-13, -7.350514463579441e-14, -1.2890186194283468e-12, 3.1373416264672434e-13, -8.868944932578382e-13, -1.0882446835534029e-16, -1.4515606609057758e-14, -1.8398546829951182e-12, -1.3599622417166064e-12, 2.0945559592112947e-12, 2.0343218044129608e-14], [8.955481710639322e-13, 4.65874066801185e-14, -2.499191589838227e-13, 6.474160467293696e-14, 5.564938439930731e-14, 2.8511396929344212e-11, -4.865864071474327e-14, -4.0977490642075846e-13, -1.2786055057615502e-12, -3.185878811651089e-13, 5.4163305470263984e-14, 8.370253665809615e-13, -1.103251581439816e-12, 1.9637727277642652e-13, -1.8472619905368002e-13, -3.400816859664776e-12, -2.0082847159329645e-13, 6.988998276374211e-13, -1.6758254284287403e-12, -3.1880824207469504e-12, 4.0045172672881724e-13, 3.7551024298615805e-14, -2.2127852677605436e-12, 3.569901887740721e-13, -7.745603722558214e-13, -4.2774716097739614e-14, -6.348113197068502e-14, -6.120978093336515e-12, -1.2373772295977122e-13, -6.404544355628225e-13, -2.4237191724940587e-13, -1.0276947354477202e-12, 2.244092374600441e-13, -2.9463674673815824e-12, -5.358780967476296e-13, -6.973338261312327e-13, -6.2643620213072e-13, -9.8371044417046e-13, -1.962296185396558e-13, 1.5620507810604089e-12, -2.525327130226607e-14, -4.873998903904608e-12, 5.464727643447737e-13, 1.076868973781747e-12, -9.405288513579751e-14, -4.361620711735882e-14, 3.568104131151291e-13, 3.0100725274920855e-13, -2.1588811713453816e-12, 4.0971896478469073e-13], [-7.379257081820845e-14, -4.316510152228308e-14, 8.234653585719892e-14, 4.056444621127797e-13, -9.767857046584003e-14, -4.865864071474327e-14, 3.668022962860874e-13, -2.482296101321171e-13, -1.2766285127861318e-13, 1.0808208024080871e-14, -3.1662210737828585e-14, -8.249362120102945e-14, 1.6124524582833314e-13, 1.4029199652268512e-14, 1.2852246891414408e-14, 2.5398411762697145e-13, 3.768338087834038e-14, -1.8125910117240206e-13, -5.491191866970709e-14, -1.4242349738233517e-13, -1.494154626972721e-13, 2.0281998372972533e-14, -1.2051822935274135e-13, 4.725481052614438e-15, -1.9047377254200868e-13, -1.0839990999715895e-13, 4.5520444255630216e-15, 3.42773544883639e-13, -3.077418498528209e-15, 3.223357298884552e-14, -1.7514787968518974e-14, -5.537620578921881e-14, 2.266438179171948e-14, -5.954629613940433e-13, 6.777311045478901e-14, -9.115454715304723e-15, 3.983041580298454e-14, 9.765747363852563e-14, 8.058490262802117e-15, 4.1079006918271613e-13, 8.615816793704866e-14, 5.608090079976741e-14, 1.657300453215128e-13, 2.004848634345723e-14, -8.46372988918901e-14, -6.9779856183662845e-15, -1.0066020617525595e-13, 2.5829641550498635e-14, -1.4814532655985557e-13, -2.683424836061148e-14], [-3.4597293089375603e-12, 1.802851113221094e-13, 2.0074830058645044e-13, -2.5502461349668807e-12, -2.054292108376937e-12, -4.0977490642075846e-13, -2.482296101321171e-13, 2.9250150784243154e-10, -3.3749541001478495e-11, -7.409341190347434e-13, -4.702924335892585e-13, -2.1390289187443808e-11, -6.4880452557890365e-12, -4.1162168461449765e-13, 8.350947259580643e-14, 4.590732813924752e-12, -1.0363616816053312e-12, -1.908268347612381e-12, 1.9017252080487136e-12, -1.8845969408545126e-11, -3.4716687434334852e-12, -1.7243623391487792e-11, -2.9091674560686688e-11, -1.2453757242505327e-11, 1.0273411943340683e-11, 1.9037901525369348e-13, -1.9876164476720365e-11, -2.722765443538549e-11, -3.587621934517099e-14, 2.1413218011425082e-13, 7.426044002217375e-13, -3.4186475135594236e-12, 3.982408502719826e-13, -9.773695415422842e-12, -3.2332291251425237e-12, 3.8406752215282836e-13, 1.1493055484067459e-12, -1.6075287458028935e-11, -1.3774202082383377e-12, -1.4790747261352406e-11, -6.368810743146289e-13, -3.113666167533153e-11, -8.682226019139735e-12, -3.828689920634472e-12, -8.456698591561619e-13, 2.1742446018499154e-13, 3.1225701814275615e-13, 1.0527639737999709e-12, -1.6374295351213746e-11, -1.2639455468495559e-13], [-4.714849382127559e-12, 8.225860519409697e-13, -1.6741153944449796e-12, -1.6611809338742728e-11, 1.0079981960714672e-12, -1.2786055057615502e-12, -1.2766285127861318e-13, -3.3749541001478495e-11, 2.5063799106715095e-10, 4.4702974486460317e-13, 1.0277319771574143e-12, -1.980270790255483e-11, -1.2934472920590658e-11, 2.751665406020635e-14, 1.732779630120585e-13, -2.6043050705636533e-11, -5.165802283924163e-13, -1.4808261213674863e-12, 1.655167795527459e-12, -1.7813020374737762e-11, 1.3632882935755767e-12, 7.28945745269788e-12, -1.1251222150988105e-11, 2.9921563835507917e-12, -7.216224726844629e-13, 7.616381151748025e-14, -1.6564485876136444e-11, -1.959453597083125e-11, -2.1972829221442705e-13, -1.4871899317878209e-12, -5.765388403729146e-13, 1.81873895038494e-12, 7.17168933027017e-13, -7.841126893376925e-12, -1.980441289581274e-12, 5.330670908785316e-13, 2.0842662612951357e-12, -1.5277151411317406e-11, -1.4085893133032004e-12, -2.1716982615731618e-11, 2.925423134270796e-12, -9.124967641044928e-12, -1.3994115303043735e-13, -3.6274077816755335e-12, 3.5606482022496178e-12, -2.867026293052192e-13, -2.3148159710230922e-12, 6.602036644383941e-14, -2.7667307725469644e-11, 1.81110538341144e-13], [-1.1472846009167869e-12, -1.2450377591015453e-13, -3.0900957545623673e-13, 6.309085185455645e-13, 2.0657103197831356e-13, -3.185878811651089e-13, 1.0808208024080871e-14, -7.409341190347434e-13, 4.4702974486460317e-13, 2.1971233847391787e-12, -6.01352783025267e-15, 2.922720601266189e-13, -9.789472871563777e-14, -8.555539640770545e-14, -1.6770032462090055e-13, 4.905845925665658e-13, -9.040898703590763e-14, 1.1316336356202132e-13, -1.5315950498683143e-13, 7.903400690384776e-14, -3.535831184431712e-14, 3.1152279434423074e-13, -5.652003047113845e-13, -1.0189803772897445e-13, 3.923626212488788e-13, 4.792189047674356e-14, -5.124506462162878e-13, 6.103532966097636e-13, -6.567755359620694e-14, 7.929139595831559e-14, -1.7840809837207087e-13, -9.91153225192e-14, -7.117287950892238e-13, -7.702312781077167e-13, 1.197115587721092e-13, -2.0235084717232087e-13, -1.1961059735581847e-13, 7.536790149290502e-13, 3.9585474821151556e-14, 8.398604878123134e-13, 3.223366467743841e-13, 3.61537683795488e-13, 7.822336937589642e-14, -1.289622030977782e-12, -1.9894199075872338e-14, -4.444476071687e-14, -6.609569947093706e-13, 7.68437331392581e-14, 3.59855623461843e-13, -2.169255015555492e-13], [2.425287928242017e-13, -2.485184334364487e-13, -5.131001076100154e-14, -5.348985378295673e-13, -3.6794271422859896e-13, 5.4163305470263984e-14, -3.1662210737828585e-14, -4.702924335892585e-13, 1.0277319771574143e-12, -6.01352783025267e-15, 5.525343990560959e-12, 1.7930354996141555e-13, -8.744571739347787e-13, 4.476350338599603e-14, 5.124196138743591e-14, -1.094338810763511e-13, -2.711719573257915e-13, -5.242012281274177e-13, 1.5174308968257883e-13, -1.0196110132094262e-12, -1.3104368818870874e-13, -1.2647681981682015e-12, -4.702718767593605e-13, -2.2733874191154795e-13, -1.6023048920665309e-12, 1.0403099828083954e-13, 5.24936257531366e-14, 9.947217523564706e-13, -3.3043587253658737e-14, 2.421123787594904e-13, -5.9251371205424685e-15, -1.3559139871044181e-13, 1.3504389245233656e-13, 1.2349577513623733e-13, -1.1568273586152134e-13, 1.0145590236669583e-13, 4.257175735132147e-13, -3.3264145484624236e-13, 1.1706990094649313e-13, 1.02236774388554e-12, 1.9361330935396835e-13, -2.118546197049076e-12, -1.134656071351738e-12, 4.082648922343871e-13, 3.046865605940129e-14, -1.2567476188952622e-13, 2.4111052962127817e-13, 1.8036932326894085e-13, 4.869951660432093e-13, 8.570890061142024e-14], [-3.869967239507908e-13, -8.214866518782154e-13, -1.785769356177663e-12, -1.9604510168931886e-11, 8.508486206233134e-13, 8.370253665809615e-13, -8.249362120102945e-14, -2.1390289187443808e-11, -1.980270790255483e-11, 2.922720601266189e-13, 1.7930354996141555e-13, 3.646976318414047e-10, -7.745349935238946e-12, 1.006586313838015e-12, 2.2038297419456016e-13, -8.092861943661005e-12, 1.3762031820161283e-12, -6.748438588909061e-13, -3.016046943515323e-12, -2.2950967786212614e-11, -1.4613110914703504e-12, -1.3397259573153173e-11, -2.8894084348913854e-11, 2.2720509002166917e-12, -2.347102764724335e-11, -1.1564013006710508e-12, -2.190846437832194e-11, -1.1952969076543023e-11, 6.08499206379003e-14, 1.016624855876617e-12, 1.3220949062836415e-12, -1.6375968935252982e-11, -4.251471747083268e-13, -1.6021849940386494e-11, -2.260098498924991e-12, 1.0280725365828444e-12, -2.1810644035816524e-13, -3.2775068278247084e-11, -1.4829941795509346e-12, -6.219707349783611e-12, -2.230891993053945e-12, -1.6026602186527992e-11, -3.059506823749596e-11, -8.300324808722778e-12, -2.0919768081434664e-13, 2.5651302029921186e-13, -4.313829518298866e-12, 3.307569739119382e-13, -2.832916444444768e-11, 1.912989387567633e-13], [-3.5186639559905924e-12, 5.146226140479097e-13, -2.8290224652073228e-12, -8.614951024787514e-12, 7.228239727586684e-13, -1.103251581439816e-12, 1.6124524582833314e-13, -6.4880452557890365e-12, -1.2934472920590658e-11, -9.789472871563777e-14, -8.744571739347787e-13, -7.745349935238946e-12, 2.1345988040388454e-10, 1.1381465046490092e-12, 3.9863092847123103e-14, -2.1513812440465597e-11, -8.52165239411607e-13, -2.286663079040604e-12, 1.0208705655221722e-12, 1.6315583820090847e-12, 5.019963595697078e-13, -1.4166394083298755e-11, -1.0710882744125294e-11, -6.032872984514237e-12, -1.4118094209816192e-11, 1.6141449773504505e-13, -7.203907520250577e-12, -1.142386591502715e-11, -1.7612199196296517e-13, -2.4829967512387417e-12, -3.6060395278947557e-12, -3.261954950867993e-12, -1.335915509294822e-12, -1.5966244838497336e-11, -3.298831938695521e-12, 1.490801699366007e-13, 3.3545854629199415e-12, -9.692474790172679e-12, 1.7745897612715488e-14, -1.3295450098427538e-11, 5.55648114462358e-12, -2.7046634279817073e-11, -5.133623150443282e-12, -4.294084823084887e-12, -3.2966077492461986e-13, 3.730135445988155e-14, -1.6943793323979123e-12, -2.2567652961226507e-12, 8.106496042198223e-13, -1.8639827964028568e-12], [-4.399075751715277e-13, -2.8405762658372043e-13, -1.8653424593215828e-13, 5.72882044602585e-13, -1.274929129681563e-13, 1.9637727277642652e-13, 1.4029199652268512e-14, -4.1162168461449765e-13, 2.751665406020635e-14, -8.555539640770545e-14, 4.476350338599603e-14, 1.006586313838015e-12, 1.1381465046490092e-12, 2.370427948259081e-12, -1.0842329584184333e-13, -2.9710009602993506e-13, 9.427273002862794e-14, 5.211539398443114e-14, -5.1557531405732216e-14, 1.7084874285030288e-13, 1.352120715098122e-13, 5.287091786317674e-14, 4.062224922523755e-13, 1.8461278939592205e-13, 1.524437845242596e-13, -7.133341805377107e-14, 1.0283483170810749e-12, 5.758349673183676e-13, -6.974239579534007e-14, 2.2574634135200164e-13, -6.304403245168888e-14, -6.609133970840779e-13, -3.873547943996007e-13, -4.357462772700312e-14, -1.4782104337243164e-12, 6.076822148296556e-14, -7.3699243891609e-13, 9.309861513723745e-13, 5.740509411381997e-14, -1.0346385746703337e-12, 3.6282421436865797e-13, -3.4595151163429487e-13, 8.798209041396781e-14, -5.064080912076521e-13, -2.2493247947513874e-14, -5.797867769173022e-14, -6.610675565125704e-13, -2.684023218140623e-13, -9.451649744289352e-13, -6.286535037858914e-13], [-5.491867898678628e-14, -2.850165986709987e-14, 3.4659238381037815e-14, 2.813223799563923e-13, -1.283931407297788e-13, -1.8472619905368002e-13, 1.2852246891414408e-14, 8.350947259580643e-14, 1.732779630120585e-13, -1.6770032462090055e-13, 5.124196138743591e-14, 2.2038297419456016e-13, 3.9863092847123103e-14, -1.0842329584184333e-13, 9.795915292013896e-13, 3.369017756979623e-13, -9.483099335308416e-14, 4.161821648549879e-13, -8.215233964065298e-14, -2.412590211648813e-13, -3.433913364877248e-13, -9.209778100354822e-14, 8.409602470549959e-13, -2.825492985721975e-13, -8.019944402609531e-13, 3.20113072575222e-14, -5.541445303514153e-14, 5.2883236745406643e-14, -3.066389036093648e-14, 1.0946973233302571e-13, -1.4864945300625007e-13, 1.6701990882229702e-13, -1.6826798316848755e-13, 1.7157297441832585e-13, -2.2711081593320844e-14, -3.603192826913328e-14, -2.8079152381506643e-13, 6.930017745868378e-16, 4.773131384087048e-14, 9.979616815719565e-13, -6.4091376937719e-13, 2.12221090232867e-13, -2.1636566443900893e-13, -3.010669862905606e-13, -3.994986184112058e-14, -5.130046400279765e-14, 9.885776445545384e-14, -3.04000504432488e-13, -2.4193280508222597e-13, -2.128208398315892e-13], [5.922793190466019e-12, -6.657111471707205e-13, 2.641996077320209e-12, -1.5370113908250786e-11, -7.089379258652851e-13, -3.400816859664776e-12, 2.5398411762697145e-13, 4.590732813924752e-12, -2.6043050705636533e-11, 4.905845925665658e-13, -1.094338810763511e-13, -8.092861943661005e-12, -2.1513812440465597e-11, -2.9710009602993506e-13, 3.369017756979623e-13, 2.9202450153653206e-10, 1.6282824265152664e-12, 6.737131130530175e-12, -1.9277499697835524e-12, 5.0628161294143715e-12, -4.58123710633252e-12, -9.210644851206403e-12, -1.8781079800777694e-11, 6.407906804999228e-13, -4.2847476846159926e-11, 1.410235197494722e-13, -1.2657590718693765e-11, -1.020710118771227e-11, -1.1802889795960799e-13, -2.8338175213112772e-12, -1.515615510308034e-12, -9.77514852949038e-12, -6.968614451248542e-14, -3.5745172298612166e-11, 2.426746550967287e-12, 2.353776178789978e-13, -1.495998456102695e-11, -7.95271807118446e-12, -2.177621818252008e-13, -4.463635195871923e-12, -6.136974177690812e-12, -2.1139672919112418e-11, -2.6648460942112796e-11, -9.042725258120059e-12, -9.577043108660583e-13, -1.509281033198689e-13, -3.5768937370535235e-12, 6.255773706583495e-13, -7.499845213425471e-13, 1.280630987602855e-13], [4.53497846099872e-13, 4.222156445154801e-14, -6.895919438515524e-13, -1.1691089211776255e-12, -3.2296264553895323e-14, -2.0082847159329645e-13, 3.768338087834038e-14, -1.0363616816053312e-12, -5.165802283924163e-13, -9.040898703590763e-14, -2.711719573257915e-13, 1.3762031820161283e-12, -8.52165239411607e-13, 9.427273002862794e-14, -9.483099335308416e-14, 1.6282824265152664e-12, 6.360359500024015e-12, -1.0615766708218944e-14, 1.9004926763823294e-14, 1.2899439055516098e-12, -5.461005637425749e-13, -2.746424842798666e-12, 1.9778704276488353e-12, 1.7701850911876516e-13, -1.0742584048438303e-12, 3.298613749849837e-14, 1.1847910423922754e-12, -4.0873483141256707e-13, 2.273828271422919e-14, -1.769647892445474e-13, 6.998703496685509e-14, -3.0499497213192737e-13, 2.5539192299495886e-13, -1.726459374989291e-12, -6.055278276462184e-13, 1.1856715755811287e-13, -6.36758054297509e-13, 1.1074830544772439e-12, 4.651137680140382e-14, -2.805210926144921e-13, 1.8771416318946037e-14, 2.7711033963370175e-13, 3.610200769102892e-13, -7.248265024191415e-13, -1.0224396914078188e-13, 5.989877612956426e-14, 1.4074052658095005e-13, 3.6800344906191715e-14, -2.6097225677873762e-12, -2.331727491185814e-13], [-2.6691453395994054e-11, 6.035355643810384e-13, -3.3068245648151e-12, 2.337196354982043e-12, 3.71114722811303e-13, 6.988998276374211e-13, -1.8125910117240206e-13, -1.908268347612381e-12, -1.4808261213674863e-12, 1.1316336356202132e-13, -5.242012281274177e-13, -6.748438588909061e-13, -2.286663079040604e-12, 5.211539398443114e-14, 4.161821648549879e-13, 6.737131130530175e-12, -1.0615766708218944e-14, 9.565496432041544e-11, -2.4374726011876375e-12, -5.366478961722118e-12, 3.0987798700833855e-13, 2.337187276465777e-14, 8.942842957417353e-12, -3.42267741263345e-12, 9.955537812181719e-12, -5.235637988219072e-13, -3.53055074520275e-12, -1.8770799689458844e-12, -8.806677166662817e-14, -3.850109277403598e-13, -3.092296354169706e-13, -1.5405864402407094e-12, -1.1879395741443092e-11, -2.052919316371181e-12, -8.380315585019069e-13, 4.3350293611314007e-13, -3.0248504669365087e-11, -3.1584325707551326e-12, -1.3599810537905772e-13, -1.4812029850522398e-12, 1.5965626413624336e-12, -5.34176036735955e-12, -3.907576695402254e-12, -1.1402169710574266e-12, 2.1896184492655374e-13, -2.1200741369457858e-14, -6.235710583388875e-13, -7.172563502278385e-12, -5.5791418626683986e-12, 1.6219937540073861e-12], [-4.197429583255242e-12, 3.896668005534669e-14, 1.9371567089453764e-13, -1.2399778681851454e-12, -4.867243961605648e-13, -1.6758254284287403e-12, -5.491191866970709e-14, 1.9017252080487136e-12, 1.655167795527459e-12, -1.5315950498683143e-13, 1.5174308968257883e-13, -3.016046943515323e-12, 1.0208705655221722e-12, -5.1557531405732216e-14, -8.215233964065298e-14, -1.9277499697835524e-12, 1.9004926763823294e-14, -2.4374726011876375e-12, 8.450009927456501e-12, 1.5081817957334795e-12, 4.8004489191349374e-14, 1.2298900284640437e-12, 4.815585180737429e-13, -2.618266948824039e-13, -2.9563175612470054e-13, 1.789589505579611e-13, 6.533651392991795e-14, 6.977853494864061e-13, -3.596273232083162e-14, 8.516652077290203e-14, -1.978041021895919e-13, -9.822623848809579e-14, -3.305285574527635e-13, -2.482041656396684e-12, 5.350596363334932e-13, 1.8761261277096712e-13, 2.1302625853980362e-13, 6.76576980935279e-13, -1.4959867514128747e-13, -3.147339836967071e-12, 1.7064921035980467e-13, 2.896635806568743e-12, 2.37167012164242e-13, 6.726055000680285e-13, 1.4496117561280122e-14, -3.69518073699883e-14, -7.309295296584442e-13, -1.2920028671283748e-12, 1.7408518382408829e-12, -6.973502703423474e-13], [-1.7436415982176198e-12, 2.3321194904008304e-13, -5.840870213690008e-12, -1.4662275624875718e-11, -9.655002474471973e-13, -3.1880824207469504e-12, -1.4242349738233517e-13, -1.8845969408545126e-11, -1.7813020374737762e-11, 7.903400690384776e-14, -1.0196110132094262e-12, -2.2950967786212614e-11, 1.6315583820090847e-12, 1.7084874285030288e-13, -2.412590211648813e-13, 5.0628161294143715e-12, 1.2899439055516098e-12, -5.366478961722118e-12, 1.5081817957334795e-12, 1.92775864028631e-10, -2.28729760365596e-12, -2.466967228973646e-11, 1.1792197555607057e-12, -2.7027518631030234e-12, 7.598368022801849e-13, -8.746578939887344e-13, -7.144328560851078e-12, 8.678136448676972e-13, 2.569484059835421e-13, 1.6297937348109754e-12, -4.836230426870054e-13, 8.208411299585595e-13, 1.5446474998035578e-12, -2.0781167804652416e-11, 4.348222868867291e-13, -6.98232869690407e-14, 4.669972845037986e-12, -8.815487806062044e-12, -8.608362510401841e-13, -1.7301855357454704e-11, 2.561607145257157e-12, -3.538753672486567e-12, -1.5806432585406237e-11, -2.5666444086545203e-12, -1.2256254144333013e-12, -1.588757954995455e-13, -2.407722409430157e-12, -2.0348167201843295e-12, -1.092231172757439e-11, 4.862601299192316e-13], [7.589328344322279e-13, -3.8238308635438615e-13, -8.52065311793085e-13, -3.4483369239870908e-12, 3.001906656124575e-13, 4.0045172672881724e-13, -1.494154626972721e-13, -3.4716687434334852e-12, 1.3632882935755767e-12, -3.535831184431712e-14, -1.3104368818870874e-13, -1.4613110914703504e-12, 5.019963595697078e-13, 1.352120715098122e-13, -3.433913364877248e-13, -4.58123710633252e-12, -5.461005637425749e-13, 3.0987798700833855e-13, 4.8004489191349374e-14, -2.28729760365596e-12, 3.4308008149219